82176 127 202 98 149 20 127 278 160 24 23 27 113 16 154 386 112 12 29 6 23 7 12 17 93 4 38 8 327 24 633 158 206 22 38 11 29 6 8 12 20 1 2 1 48 6 16 12 97 8 10 7 10 1 9 16 152 15 10 3 666 34 217 104 120 13 40 13 14 4 12 19 18 0 0 1 7 1 5 24 11 4 9 3 2 3 2 2 13 3 5 2 20 9 32 22 93 18 14 15 13 1 3 14 27 3 0 2 12 3 3 12 202 17 7 18 19 6 19 57 376 25 4 18 187 20 87 147 153 115 22 144 18 17 31 430 40 8 2 15 9 7 7 193 15 10 1 10 1 2 2 27 9 7 3 10 12 12 15 86 23 43 4 16 1 5 3 8 2 1 0 5 2 1 4 16 24 13 1 12 3 1 2 13 6 6 1 10 11 30 12 66 98 309 41 579 6 21 7 169 11 7 2 6 3 20 5 107 12 29 8 37 2 8 4 22 15 15 5 35 23 120 29 232 175 668 12 229 8 35 10 86 10 15 0 21 10 24 9 68 336 172 10 82 13 26 13 157 158 101 15 81 88 213 59 592 0
82349 147 214 114 133 17 115 169 155 14 25 33 120 7 204 378 168 21 33 10 22 3 11 12 113 11 35 14 384 26 704 187 191 37 29 11 30 5 9 6 13 1 2 2 41 6 14 3 133 11 12 4 18 0 11 5 154 13 15 11 576 41 222 65 148 27 30 14 18 7 12 16 10 4 3 5 9 4 19 22 17 6 5 3 2 0 3 3 17 3 4 7 24 6 51 26 116 14 7 8 13 1 5 15 29 1 1 1 10 6 8 14 161 10 9 4 18 2 11 45 238 16 7 12 159 19 79 107 148 114 19 180 15 13 19 257 16 5 2 9 7 6 14 118 19 12 3 13 1 2 4 18 5 4 0 8 5 24 10 82 31 45 2 16 3 7 1 6 2 2 0 2 1 2 2 13 34 19 1 15 2 1 4 16 10 8 1 10 17 48 15 74 118 373 46 672 11 23 13 188 5 4 1 8 3 14 11 102 8 23 14 51 2 1 0 17 10 17 5 61 17 91 30 200 194 648 13 244 13 49 18 82 16 8 2 19 15 37 18 80 333 187 8 78 28 25 15 93 99 107 8 81 100 204 84 599 0
84866 133 178 102 153 13 101 170 121 15 20 17 140 9 165 239 137 5 26 10 25 1 19 18 134 5 31 9 403 21 413 107 193 21 46 3 13 4 15 5 22 2 2 1 16 13 6 9 91 5 14 7 20 4 13 8 161 10 10 8 414 33 204 79 131 25 18 16 5 2 8 11 13 3 0 5 10 0 12 28 16 1 5 1 2 0 0 4 16 0 3 2 33 4 37 19 91 12 18 15 4 5 4 6 15 2 0 2 9 4 4 13 146 11 9 11 14 1 10 37 183 16 6 12 130 25 62 92 120 106 12 174 12 12 14 188 16 6 1 4 5 7 14 87 16 9 1 13 1 1 1 20 8 3 1 8 8 22 11 59 16 26 0 14 3 0 1 11 0 0 0 3 2 6 1 6 25 11 1 9 3 4 0 20 7 7 1 5 21 35 15 70 130 368 34 405 8 16 7 125 6 15 2 5 4 19 5 65 12 26 1 29 4 5 1 16 6 19 2 35 9 142 21 227 173 413 12 190 12 38 8 67 5 17 1 3 10 32 12 77 186 125 10 83 21 23 12 126 80 76 11 63 81 242 72 526 0
82847 116 170 128 140 17 152 233 151 12 32 19 140 13 221 229 122 14 28 10 28 4 21 19 145 8 22 10 483 33 646 153 149 24 21 15 24 0 10 5 25 0 0 2 25 6 11 12 90 12 4 7 15 2 11 17 157 18 21 8 544 53 252 100 123 19 19 20 5 7 7 16 14 2 1 2 9 0 16 27 16 4 5 3 4 0 2 2 9 3 0 1 25 3 45 23 82 21 11 10 9 3 7 14 24 3 0 3 7 2 3 15 158 15 10 14 25 4 13 51 243 19 7 17 116 24 75 132 145 132 29 272 16 12 20 282 27 6 5 14 11 9 10 111 11 6 0 12 1 4 4 30 11 9 4 13 11 31 12 87 21 28 2 13 4 1 2 11 1 1 1 1 1 4 2 11 15 10 3 7 3 6 2 24 13 9 3 19 12 35 16 77 136 417 28 548 5 30 13 143 3 9 0 13 8 25 9 71 9 25 4 44 1 7 1 19 6 23 4 37 19 131 42 230 195 635 10 221 14 50 4 100 9 6 3 8 7 35 19 77 221 117 7 88 28 19 23 110 90 70 10 61 61 231 78 569 0
83058 169 180 122 173 9 107 166 94 4 13 9 152 9 196 201 132 4 20 7 28 1 15 9 119 8 47 6 533 12 769 144 196 21 22 13 36 2 8 1 15 1 1 0 42 2 13 4 88 5 8 0 20 0 5 9 134 13 13 7 807 47 188 53 126 30 41 15 16 1 7 9 9 2 0 1 5 1 9 15 13 0 2 0 2 0 2 3 6 0 0 0 18 5 62 13 103 13 13 9 13 2 3 7 18 1 0 2 8 2 4 12 160 4 1 7 6 0 10 23 189 16 3 13 125 19 51 71 95 163 21 205 5 11 10 228 13 1 0 5 4 5 4 81 3 8 0 12 2 1 3 16 3 6 0 5 5 13 9 60 14 27 5 8 2 3 1 4 1 0 1 0 3 2 2 5 16 11 0 2 2 0 1 12 8 12 2 8 5 34 12 57 135 595 51 866 5 28 13 128 3 7 0 11 5 10 3 58 10 20 4 43 4 6 1 19 6 18 3 40 11 89 32 160 182 1073 19 214 11 37 6 49 3 13 0 5 9 29 8 65 230 164 4 50 10 10 8 64 75 88 3 65 76 209 67 418 0
84114 103 101 95 96 15 91 540 222 26 19 27 72 15 157 644 106 14 11 5 16 0 12 19 106 7 13 3 197 13 220 99 133 20 24 4 14 0 6 8 17 3 2 2 10 1 5 8 96 9 5 7 20 5 7 25 177 11 11 6 217 11 94 54 110 18 14 11 3 1 6 20 22 5 3 3 10 0 14 44 26 2 1 0 2 0 1 6 17 3 3 0 19 4 21 15 103 10 10 6 7 3 3 13 25 3 2 6 7 4 9 43 567 29 10 19 29 9 26 164 571 34 11 40 103 17 72 255 200 102 19 137 18 16 20 499 71 10 2 15 12 10 9 246 25 5 1 10 4 2 1 36 13 4 2 8 4 6 5 64 25 16 2 5 2 6 2 9 3 2 0 2 2 1 1 11 30 3 1 6 3 5 4 29 14 6 1 10 8 5 7 54 103 195 11 177 3 11 6 73 9 7 0 6 4 9 9 67 15 16 3 17 0 7 2 18 13 12 2 9 13 55 7 73 118 255 8 101 14 18 5 61 11 4 1 5 4 11 10 60 597 85 9 63 49 11 42 251 253 65 6 59 76 100 57 500 0
83786 149 200 147 111 27 120 260 107 17 26 17 123 19 139 229 145 15 31 9 20 4 13 25 132 9 42 7 443 26 428 145 209 24 66 17 22 3 10 9 22 6 1 0 28 0 11 6 123 14 9 8 28 3 11 12 170 16 7 2 502 21 160 60 140 24 28 21 22 5 17 18 21 3 5 4 11 2 12 27 25 7 6 3 10 1 1 1 14 7 3 1 27 7 30 27 108 15 15 11 7 4 10 14 26 4 2 2 13 1 6 5 217 15 7 10 16 3 11 55 210 20 6 11 139 26 66 83 147 137 19 168 22 17 22 291 18 5 0 8 16 6 3 141 25 12 2 14 0 3 0 18 6 6 0 9 12 20 13 77 21 34 2 5 3 1 1 10 1 2 0 1 0 0 1 8 19 14 1 10 0 2 2 15 6 7 1 8 15 21 8 49 136 522 24 437 10 31 10 158 9 5 0 10 5 17 9 88 11 36 2 32 4 8 2 18 13 23 3 29 25 161 16 203 157 501 13 217 10 32 11 75 11 12 4 5 6 33 11 67 241 142 10 63 17 18 11 84 84 80 12 63 64 206 54 421 0
83847 97 84 115 107 28 123 736 236 17 29 23 116 13 168 588 106 4 15 5 30 1 16 31 108 3 12 10 160 17 209 106 97 7 22 7 6 2 8 7 22 2 5 4 15 1 4 5 101 9 8 3 11 3 5 18 187 15 10 7 198 13 105 48 90 23 14 15 10 5 2 26 13 6 1 3 5 1 14 33 32 3 2 3 3 3 2 5 15 4 2 0 18 3 20 21 91 12 1 12 9 4 3 24 18 0 1 3 5 1 9 30 619 29 8 30 30 5 22 176 598 38 12 35 98 21 69 249 193 79 19 119 11 15 24 691 72 9 4 9 15 3 14 333 24 7 2 6 0 1 3 28 9 7 0 6 6 10 6 46 14 15 0 12 1 2 0 10 5 0 2 2 2 0 2 12 19 4 0 7 1 1 4 28 17 6 1 6 4 13 13 71 72 155 6 172 6 17 3 94 14 6 1 6 4 11 6 47 13 15 4 22 1 0 1 16 4 10 0 15 11 49 13 91 131 191 8 113 5 17 7 60 16 8 5 7 6 10 6 48 634 80 8 52 28 20 26 233 287 44 12 47 50 87 60 506 0
84472 134 248 106 133 18 128 227 88 9 16 16 129 17 216 207 121 7 36 10 20 2 13 16 102 3 29 4 519 27 581 104 240 29 68 17 25 3 14 2 18 1 5 0 30 4 10 2 122 6 10 2 11 0 9 6 174 12 9 10 446 27 192 38 136 20 32 17 10 2 6 11 8 1 2 3 5 2 5 13 26 3 7 0 1 0 1 1 8 3 2 2 40 6 42 15 128 11 7 8 5 0 4 10 9 1 0 0 6 2 3 11 190 11 3 12 14 1 6 42 191 16 4 11 92 12 46 55 72 122 17 172 13 9 11 195 22 3 0 3 2 8 8 91 7 9 3 11 1 0 2 15 1 9 5 4 5 23 6 65 13 30 3 14 0 5 0 6 2 0 0 1 3 4 2 5 9 8 0 8 1 0 1 14 7 7 2 3 8 26 5 49 143 555 27 472 3 28 6 85 7 1 2 7 6 22 9 56 9 26 4 42 0 4 2 13 11 20 6 47 32 215 33 326 173 478 8 191 9 31 4 38 3 8 1 9 8 30 5 50 161 111 2 37 13 14 11 68 63 41 3 43 56 271 55 511 0
83815 134 213 114 122 19 104 265 120 11 21 29 133 13 143 248 135 12 24 7 31 6 11 17 128 18 36 12 464 21 482 149 191 34 52 17 26 2 16 4 16 1 5 0 31 1 9 12 144 9 6 1 15 4 14 15 180 14 13 5 506 27 166 61 150 27 32 24 15 2 10 20 19 2 0 2 6 3 20 27 24 6 4 5 4 0 1 2 18 3 3 1 24 8 33 15 123 9 17 13 9 3 5 9 26 1 2 1 6 2 6 8 259 10 9 10 13 5 13 58 193 21 7 9 148 27 54 73 129 123 13 148 18 20 19 288 19 9 1 5 8 8 3 109 20 14 2 12 4 2 3 10 10 8 2 5 11 19 9 75 23 32 1 12 1 5 2 9 1 0 0 2 2 1 0 6 18 11 0 4 5 1 2 10 7 7 0 14 5 18 6 41 156 585 33 440 5 24 14 144 9 9 0 8 9 20 8 72 13 37 2 35 5 3 1 11 9 21 3 32 34 148 20 212 200 509 13 179 10 37 6 70 5 14 6 15 10 34 10 51 235 129 7 62 14 18 7 85 102 77 8 56 78 214 55 393 0
81752 138 240 122 115 11 120 148 117 13 14 25 122 6 176 253 128 11 30 8 23 6 11 17 124 7 41 11 522 33 888 149 244 36 33 10 37 3 7 6 16 4 1 0 39 2 13 10 119 9 13 4 11 2 14 7 199 16 11 10 904 56 230 71 134 20 27 21 10 1 12 11 10 1 1 0 5 1 16 15 12 1 5 1 3 1 3 7 17 1 5 2 22 9 47 18 112 23 12 8 7 6 1 9 18 1 2 2 10 3 2 14 138 11 5 9 6 2 13 53 231 26 8 10 169 20 78 113 112 109 21 191 10 5 12 264 32 6 1 7 9 5 8 90 9 10 1 13 1 4 1 24 3 13 0 9 16 21 10 85 15 39 2 7 1 1 1 4 0 1 0 0 0 4 1 7 10 14 0 7 1 0 1 13 7 10 0 14 11 50 11 75 141 495 55 966 4 32 6 189 3 17 0 13 6 19 7 100 14 20 4 54 0 10 1 22 9 17 2 31 16 127 45 250 181 785 9 260 16 52 6 76 5 14 5 10 14 33 12 64 227 154 6 85 21 20 12 131 89 95 4 74 77 235 59 522 0
82494 151 241 111 148 21 102 140 169 19 24 22 115 13 208 230 170 17 25 10 36 4 19 15 122 5 37 10 485 26 621 162 189 30 40 9 28 5 8 7 29 2 2 0 25 9 20 6 112 11 9 5 16 2 8 13 186 17 14 10 572 49 257 65 167 30 31 18 15 3 12 13 24 3 5 2 10 2 22 28 15 2 8 7 2 4 4 3 11 0 6 5 18 4 50 22 113 16 5 11 12 2 5 11 32 5 3 4 11 5 7 25 176 21 7 9 17 1 7 39 281 30 13 18 152 23 75 125 152 119 24 158 20 22 26 223 22 10 2 10 12 9 7 114 15 15 5 18 5 3 9 37 7 9 1 6 9 8 14 67 32 31 3 8 4 6 0 13 0 1 1 2 3 4 4 12 24 10 1 12 7 3 4 24 14 18 4 20 8 48 12 90 118 385 30 645 9 21 9 143 7 10 5 16 5 23 8 63 9 25 5 55 6 5 1 21 14 17 6 34 27 113 46 232 205 654 12 217 23 46 7 71 7 13 1 11 10 33 23 75 220 151 12 73 28 27 17 112 102 65 8 69 64 224 86 622 0
80024 252 258 121 239 27 145 263 209 27 24 29 178 8 248 332 239 22 46 11 41 3 17 21 183 4 36 25 736 13 587 82 246 39 49 8 24 3 6 9 27 4 6 2 37 8 13 11 140 7 7 6 23 5 5 16 219 13 16 5 501 40 189 74 264 50 24 12 11 1 10 25 17 4 8 12 11 3 14 33 46 2 6 5 6 0 7 3 17 2 5 5 21 6 43 16 161 28 12 13 16 5 6 20 22 7 3 3 8 8 8 26 543 14 9 10 19 3 20 82 310 24 15 29 88 19 69 141 204 204 34 270 23 15 22 251 31 5 4 12 9 12 18 119 28 11 6 21 2 1 5 34 12 2 3 13 9 21 6 65 19 38 5 19 9 5 3 13 8 3 1 7 5 4 5 12 20 9 4 11 5 11 1 22 17 10 2 12 18 45 16 72 191 697 35 661 5 19 8 93 9 5 5 20 5 21 8 62 11 27 9 33 4 4 4 22 5 25 2 35 17 186 33 256 210 462 16 200 14 37 10 62 8 11 1 11 11 27 15 86 416 92 8 49 41 20 30 135 140 50 14 71 64 247 90 810 0
82481 131 255 133 163 13 117 217 151 14 24 22 125 8 203 282 176 12 35 10 27 1 21 10 132 10 38 6 424 23 552 137 252 29 37 6 32 4 6 7 27 1 5 2 41 2 11 12 141 8 10 3 18 2 13 12 202 16 16 10 535 60 211 79 174 17 29 21 10 1 7 18 23 2 2 4 8 4 23 23 20 1 2 3 1 0 2 1 11 2 7 1 28 5 51 20 124 12 7 7 9 2 4 6 17 2 3 1 14 3 6 15 205 17 10 16 21 1 12 36 253 21 4 20 116 24 80 127 161 122 24 215 13 13 21 260 27 7 0 7 7 14 7 98 13 12 5 23 3 3 3 20 6 8 2 15 6 24 9 67 16 34 5 8 3 3 4 7 0 1 1 3 2 2 1 6 23 12 0 5 1 3 1 22 6 16 3 16 9 47 11 73 151 396 53 675 8 26 12 119 3 7 1 19 6 23 14 73 16 28 7 70 1 7 3 22 8 29 6 41 21 138 42 265 209 443 23 189 17 42 9 69 15 3 0 10 10 41 12 71 298 109 11 78 27 23 24 122 96 61 5 76 68 252 92 683 0
80654 189 248 127 185 22 122 263 182 13 26 15 174 15 244 339 206 9 15 11 22 7 16 29 144 13 40 10 658 31 923 179 236 35 33 11 23 3 6 4 21 4 2 3 31 7 9 12 148 7 9 6 27 2 13 15 196 10 7 5 608 26 218 62 186 39 18 15 20 4 14 24 24 3 4 2 16 3 10 13 17 2 0 0 1 0 3 4 17 1 4 1 37 4 34 25 123 21 15 11 9 4 7 15 14 2 2 2 5 0 10 16 285 22 7 19 23 6 11 67 320 14 13 15 155 23 82 99 180 149 21 212 22 14 23 317 25 10 0 5 9 13 11 98 24 11 3 9 2 1 1 15 8 9 1 8 14 24 13 78 30 29 2 10 1 3 0 11 1 1 1 2 0 3 2 9 26 3 1 7 0 1 3 11 4 7 1 10 11 27 8 53 154 701 38 859 9 36 10 162 8 15 0 10 6 17 9 85 24 35 5 44 3 7 3 22 3 20 2 24 23 137 23 214 213 804 7 212 14 35 1 73 10 11 1 16 9 25 14 67 306 150 9 72 22 25 12 116 100 72 6 63 105 225 62 451 0
81009 161 234 114 152 20 110 245 226 28 31 31 122 6 203 368 143 26 37 10 34 6 17 32 142 10 32 17 390 29 581 158 206 29 46 10 30 4 8 11 28 4 3 0 32 7 13 8 134 15 17 3 19 8 11 17 169 19 17 15 494 55 211 74 168 34 28 13 9 3 11 21 41 11 2 9 9 3 21 46 24 4 10 4 1 1 2 7 19 1 4 2 22 5 54 28 120 16 13 12 10 4 5 18 55 1 1 4 15 1 13 40 272 33 4 26 21 2 13 101 327 39 16 42 124 32 92 212 247 122 30 198 33 20 32 320 61 10 1 13 9 11 15 112 32 6 6 26 6 3 3 40 8 4 1 14 6 16 5 87 25 33 1 16 1 9 6 12 2 4 1 7 2 2 4 21 42 11 3 3 5 4 8 23 6 5 2 20 10 50 11 88 119 351 50 541 16 25 11 139 7 15 2 17 9 30 7 103 15 29 3 56 2 7 3 28 12 29 5 42 28 130 34 238 204 530 18 202 26 55 8 94 10 22 7 20 15 40 11 95 363 132 1 83 43 26 27 232 128 78 21 98 75 231 106 736 0
82208 171 167 156 176 19 153 318 169 24 32 22 146 9 244 370 180 13 24 10 34 1 21 27 147 16 25 12 325 24 564 167 204 29 36 3 25 3 11 7 33 2 5 2 26 1 11 5 154 16 15 10 11 0 7 18 248 25 13 13 384 34 162 83 182 22 31 10 14 2 14 20 14 1 5 2 11 1 25 36 18 6 4 0 2 0 1 8 22 1 3 1 23 4 42 19 125 19 9 10 13 5 4 12 21 4 0 2 15 5 17 28 311 14 6 15 19 6 15 74 311 27 10 22 167 32 77 178 168 130 20 289 17 24 24 383 11 4 1 9 9 4 11 122 29 15 2 23 3 1 0 32 8 7 1 13 16 9 11 68 30 24 5 18 1 7 0 9 3 1 0 1 1 6 1 8 27 16 0 11 2 0 1 28 13 12 1 15 9 26 10 101 137 305 23 398 6 18 12 180 12 12 1 6 7 14 9 79 13 13 3 37 1 3 1 21 7 13 2 23 10 90 21 187 232 459 9 136 18 31 17 56 12 16 0 3 9 40 19 72 352 173 10 74 42 15 32 177 128 75 3 73 100 203 81 647 0
87525 135 119 74 142 23 77 154 77 15 17 13 99 9 99 123 141 26 13 13 26 1 8 11 103 17 22 6 438 18 358 77 111 20 11 2 22 3 4 2 11 1 0 1 27 4 4 4 75 14 5 4 15 2 2 2 104 18 8 3 351 24 150 27 146 20 25 14 13 4 17 14 9 2 1 5 9 1 9 6 10 2 2 3 1 1 0 3 6 2 0 1 17 4 24 12 86 13 11 3 27 1 7 6 9 0 0 5 14 2 17 5 91 4 3 4 8 5 8 26 111 11 4 7 94 14 34 42 79 97 12 105 13 9 14 123 7 3 1 8 6 2 7 75 9 17 1 5 1 6 1 12 2 6 1 14 8 14 10 35 16 30 2 8 2 0 1 3 1 3 0 0 0 3 1 4 12 15 0 6 2 5 1 8 7 15 1 10 5 23 5 40 141 481 19 358 10 21 7 92 1 12 0 6 6 15 9 35 10 25 5 36 2 8 0 17 4 11 1 28 8 90 11 151 111 378 13 161 14 24 17 46 4 5 1 6 4 17 6 36 127 112 2 38 15 12 10 46 40 49 4 48 49 154 37 313 0
84983 144 199 111 137 15 121 187 122 15 20 13 109 7 180 200 156 9 25 8 22 5 15 11 109 7 38 11 349 21 417 102 200 20 27 10 18 4 9 6 17 1 2 0 28 3 10 5 99 10 6 7 15 0 7 8 171 15 14 8 419 35 198 59 136 24 31 22 9 1 5 11 10 2 1 3 10 3 12 12 16 2 3 4 1 0 2 6 5 2 5 1 22 4 42 17 100 12 8 9 7 1 8 7 13 2 1 1 8 0 11 14 172 10 8 9 12 5 16 29 229 15 9 11 103 21 63 94 99 117 17 178 11 14 19 221 16 0 2 6 3 4 7 83 13 7 2 13 5 3 6 19 4 4 0 11 2 16 10 82 20 29 4 19 2 4 0 9 3 0 0 3 1 5 2 7 15 8 0 7 2 7 1 19 10 8 0 10 7 27 8 62 125 364 35 377 5 22 11 131 7 11 3 9 7 17 5 59 3 28 2 47 1 1 2 17 12 11 6 29 17 131 31 255 149 446 10 196 14 42 4 61 7 6 1 5 20 43 13 58 151 110 3 63 15 14 5 98 86 75 5 55 84 276 73 523 0
79070 241 243 146 246 22 173 308 180 22 27 15 206 15 210 334 212 12 28 8 54 7 30 14 177 14 25 12 950 37 830 150 313 26 78 9 24 0 7 6 22 2 6 0 20 1 13 3 148 7 15 4 20 2 15 16 210 19 18 8 772 32 307 67 204 69 34 24 11 3 14 13 24 5 2 2 9 1 10 18 36 5 1 3 6 6 0 3 20 4 3 0 39 9 30 21 160 23 14 14 8 4 5 8 15 4 2 2 14 1 10 12 288 14 4 12 12 1 8 57 325 23 9 15 154 16 66 105 166 222 18 254 20 22 28 313 18 9 1 6 6 9 10 114 18 12 0 14 1 0 2 24 8 11 0 8 9 27 10 80 38 24 12 13 1 3 0 6 4 1 1 1 1 1 1 9 24 8 1 11 4 2 2 16 8 4 3 7 9 31 5 45 196 1009 34 855 7 30 13 137 8 14 0 14 10 30 6 72 20 40 2 43 4 13 2 19 13 29 1 27 19 182 18 252 176 773 20 315 14 32 11 89 6 16 4 8 4 20 11 49 285 144 6 73 19 16 12 123 150 82 7 69 83 265 48 489 0
84023 155 181 119 138 23 112 226 112 8 8 11 129 17 149 163 147 8 27 10 25 2 14 16 142 11 21 4 639 29 539 123 206 25 46 10 19 1 8 6 15 0 3 0 26 0 10 5 131 9 8 6 11 1 12 9 178 11 9 7 519 29 191 46 171 21 18 17 11 2 8 12 13 4 0 2 10 0 16 16 27 4 4 3 3 0 5 2 14 1 1 0 26 5 43 8 129 14 7 13 9 2 3 12 7 1 2 1 9 1 2 8 253 21 5 10 14 2 5 45 262 16 4 8 125 11 66 77 121 135 22 181 5 12 13 247 16 8 0 6 7 4 6 69 14 8 1 12 2 2 1 10 6 10 0 7 6 19 8 54 9 34 2 7 1 3 0 6 0 1 0 1 1 2 2 7 8 10 0 7 1 0 4 5 11 6 0 4 7 20 9 37 149 652 22 607 8 25 16 128 10 12 1 7 2 17 4 51 16 36 6 29 1 6 0 14 6 24 2 27 16 149 34 203 183 540 3 229 13 21 8 45 7 15 0 7 6 17 3 32 239 143 5 51 15 9 5 74 92 59 6 43 58 192 46 354 0
83742 104 236 116 109 25 107 252 101 8 15 8 113 12 177 200 122 9 24 8 26 3 12 16 111 3 41 6 678 23 635 96 233 24 72 14 14 3 10 6 16 2 2 1 19 4 9 5 109 7 15 2 12 5 5 11 145 8 8 5 655 32 206 43 110 23 33 12 7 3 5 14 11 3 1 3 13 1 3 21 21 2 4 0 3 2 2 4 8 1 4 1 28 3 37 16 102 16 7 7 9 1 0 11 3 1 0 2 5 0 2 9 205 12 1 5 12 1 9 51 244 13 7 7 104 14 54 75 87 120 19 141 10 8 14 188 14 4 3 5 7 9 3 92 3 6 2 15 2 2 2 12 7 8 2 4 7 23 6 63 20 25 1 12 1 2 0 3 0 0 0 2 1 4 0 8 7 9 1 7 4 1 1 6 10 7 0 5 5 17 6 55 120 742 18 594 9 32 10 103 5 10 0 3 5 31 5 63 16 35 2 33 4 7 0 19 6 27 4 35 20 255 35 280 166 605 9 230 7 30 6 62 3 8 0 3 5 19 12 50 221 125 6 43 19 10 12 75 84 51 3 32 72 240 33 411 0
84336 91 251 101 102 21 120 188 119 10 19 6 98 11 171 204 107 10 28 7 15 2 8 15 83 6 23 2 454 27 536 106 269 15 45 13 23 4 7 12 15 2 1 2 25 4 10 6 109 5 6 7 17 0 4 15 146 20 12 4 449 39 182 58 135 19 23 15 17 3 9 13 9 1 3 2 10 0 12 19 27 3 5 3 0 2 2 4 19 1 3 1 24 8 49 19 121 20 11 11 5 2 7 15 10 3 1 1 6 1 5 4 211 11 11 9 15 4 12 59 197 15 8 10 94 27 46 89 120 98 14 156 10 14 21 215 18 6 1 4 10 8 5 86 8 7 2 13 0 1 0 19 3 3 1 10 9 24 3 64 31 28 2 9 1 4 1 6 1 2 2 1 3 6 1 6 13 6 0 5 2 2 4 10 6 6 1 15 10 26 7 67 123 443 27 539 8 18 9 102 8 8 2 12 5 23 7 48 7 36 9 58 0 4 2 22 11 24 3 46 20 207 36 271 178 549 7 198 8 28 5 47 5 11 0 8 11 30 19 68 204 106 7 54 16 22 11 86 97 58 2 65 56 262 58 561 0
84049 202 107 158 241 42 182 746 286 23 16 30 147 16 164 536 230 10 16 5 26 0 9 19 133 5 14 10 265 10 171 71 121 13 16 5 12 1 5 5 18 2 4 0 10 1 6 15 156 4 3 6 10 1 7 15 159 7 4 3 191 13 81 44 230 27 12 9 8 1 1 26 17 1 3 2 2 0 6 22 24 2 3 0 1 0 1 6 11 2 3 1 12 3 17 11 147 9 4 8 3 1 0 27 32 2 1 5 7 1 1 25 553 16 3 21 18 4 17 213 477 35 10 15 71 22 30 249 239 111 17 155 26 13 17 362 91 14 4 10 14 12 14 254 28 3 2 9 4 1 7 23 13 1 2 4 5 3 6 46 17 15 4 8 2 4 1 12 5 3 0 0 0 1 2 9 22 3 1 1 4 3 7 22 14 7 1 6 4 15 5 53 124 250 18 191 4 9 5 76 7 6 2 5 4 4 9 40 18 8 3 18 5 1 1 16 4 9 3 12 6 44 14 80 150 193 7 109 6 15 4 44 11 9 0 11 2 10 7 48 317 76 8 57 18 14 21 205 210 32 6 55 36 100 48 562 0
82819 222 255 137 225 24 127 211 140 14 35 19 188 10 204 231 307 8 26 5 41 2 20 12 188 6 27 10 595 19 535 85 248 23 78 16 32 5 13 7 26 2 1 2 32 6 7 6 177 5 16 4 22 3 8 12 236 9 19 2 392 21 223 49 238 47 30 18 13 4 6 6 20 3 2 3 6 0 11 19 30 1 3 2 4 1 1 1 11 0 2 2 19 4 31 23 145 11 9 8 4 0 3 5 22 2 1 7 11 3 8 24 308 7 9 12 4 2 7 61 254 10 0 14 97 15 46 100 126 183 12 174 17 8 19 144 19 4 1 3 3 1 6 104 14 4 4 5 5 1 2 16 3 2 3 5 8 17 9 38 20 26 2 10 5 4 3 5 0 2 0 1 2 4 3 7 26 7 2 4 4 1 4 15 9 12 2 11 9 27 11 46 156 675 42 529 7 22 9 76 10 9 1 9 2 8 7 51 17 13 3 41 3 3 3 10 7 16 3 20 15 206 31 267 198 425 8 240 5 24 4 34 11 10 5 10 5 22 11 64 216 79 6 37 20 17 17 86 121 57 7 59 51 224 60 649 0
69560 259 367 264 299 39 286 990 307 20 49 15 271 24 477 835 279 11 23 7 45 3 18 25 270 14 20 8 1175 27 889 236 390 14 139 13 16 6 17 10 27 1 2 0 17 0 23 10 258 7 25 8 19 1 28 26 437 14 8 8 982 35 475 118 297 46 24 22 9 6 9 22 20 0 0 0 3 0 7 28 36 3 1 1 1 0 0 5 21 2 4 2 28 11 26 27 283 19 22 39 7 2 4 23 12 2 1 2 8 2 6 17 913 20 8 20 21 5 31 242 688 23 5 15 261 18 105 257 326 287 42 439 15 21 24 733 62 11 5 13 16 16 12 352 16 8 1 13 0 1 2 28 13 11 1 6 10 35 8 113 41 27 4 15 2 1 0 5 3 2 0 0 0 2 1 9 23 9 0 4 1 2 1 16 13 4 0 8 9 26 6 64 314 1174 23 956 9 30 7 232 15 15 0 13 9 39 7 98 21 36 2 40 1 8 1 30 22 42 2 23 29 405 26 393 498 912 16 490 9 34 2 97 13 6 0 11 7 17 14 59 782 259 12 107 20 23 16 287 377 117 7 57 107 398 48 766 1
71935 237 369 239 218 34 257 815 299 20 43 14 235 22 426 708 267 8 9 5 35 1 17 20 235 7 17 5 998 19 746 238 404 14 110 23 22 1 19 8 35 1 4 0 21 2 7 13 272 9 15 6 15 1 32 22 402 10 14 7 904 14 400 86 280 42 22 11 9 5 6 23 21 0 2 0 8 0 7 21 33 2 2 1 0 2 1 7 17 4 1 1 42 3 31 22 287 18 22 21 6 1 4 26 27 1 1 3 8 0 5 20 823 12 12 24 32 9 27 209 696 22 9 18 244 26 94 290 255 258 24 406 15 16 21 664 51 16 3 13 7 19 16 333 16 11 1 10 0 1 1 30 18 10 1 5 11 29 8 96 33 30 3 17 2 2 0 7 0 1 2 0 2 1 1 7 19 5 1 4 3 0 3 28 10 4 1 15 18 20 11 62 284 1174 26 776 3 36 6 207 8 21 1 16 4 40 4 117 21 40 2 30 3 9 4 23 15 40 1 29 37 294 20 368 415 913 15 477 5 28 4 91 6 9 1 9 7 24 8 60 682 234 6 109 27 29 13 253 285 117 8 60 106 370 48 747 1
71498 233 415 235 235 27 243 881 295 9 34 24 235 11 420 743 239 14 17 9 37 3 18 20 241 7 23 5 1010 20 831 192 446 21 138 14 19 2 21 12 33 0 6 1 25 0 14 8 262 4 17 8 23 2 20 23 423 6 16 8 910 26 364 87 254 34 22 19 14 3 11 22 19 3 4 1 6 2 8 25 24 1 0 2 2 0 1 6 16 3 1 0 28 12 25 26 268 15 22 23 7 6 4 33 20 2 5 2 3 0 4 18 810 24 15 37 20 7 28 211 698 27 8 18 241 25 108 276 301 264 24 396 15 22 17 729 65 14 3 12 22 18 10 355 11 9 1 6 0 0 1 21 21 12 1 5 11 44 2 125 23 19 3 11 2 0 2 12 8 3 0 0 0 0 0 4 24 9 1 6 2 1 1 17 9 10 0 9 10 17 6 56 271 1038 17 862 7 15 10 185 13 17 0 9 5 30 6 102 7 27 1 32 0 9 1 27 21 35 1 28 38 386 21 396 438 877 24 373 4 28 8 96 9 10 0 9 4 23 8 60 839 227 14 103 23 29 28 284 307 102 5 51 105 375 59 813 1
71213 253 329 252 247 26 254 927 287 23 30 22 242 19 470 743 268 15 25 6 31 0 14 24 279 10 20 9 987 33 804 206 420 21 103 25 26 1 24 12 23 2 5 0 20 1 14 2 266 8 11 7 15 3 33 30 501 7 12 3 874 29 358 101 287 34 17 19 9 4 10 26 28 1 4 0 6 1 9 26 52 1 1 1 3 0 1 4 17 1 5 1 42 4 25 18 282 25 18 29 10 1 6 29 24 1 1 0 7 1 7 29 907 23 13 27 19 8 22 221 747 29 5 24 279 21 81 282 324 272 18 466 19 16 28 723 66 16 3 21 18 19 9 305 17 6 2 17 2 1 1 29 11 7 2 4 14 25 4 108 36 31 2 13 1 1 1 5 3 4 1 2 1 1 0 4 24 7 0 7 1 0 1 20 11 10 3 10 8 27 7 58 294 1011 24 857 10 30 7 229 18 14 1 11 9 27 6 84 17 30 3 28 0 10 1 25 16 21 0 32 33 328 17 356 515 862 22 358 9 24 8 111 18 9 2 8 5 33 9 44 768 219 7 104 12 23 25 298 309 102 6 60 101 395 47 721 1
63470 375 503 306 388 54 328 1169 494 33 47 30 329 21 497 919 403 6 26 9 68 7 29 46 349 11 32 15 1251 43 930 262 561 20 204 29 38 2 19 22 49 3 10 4 43 4 13 16 368 6 22 6 35 3 36 39 539 21 17 5 979 41 582 125 370 83 23 24 18 7 8 43 35 3 4 1 9 0 21 38 74 9 2 3 6 1 1 10 19 4 4 1 55 21 27 36 367 22 28 41 9 2 12 41 39 4 0 4 7 5 8 27 1200 43 18 44 51 16 45 304 875 27 20 23 298 35 140 404 462 326 41 455 32 25 39 804 121 31 6 20 17 23 18 469 27 14 2 18 4 6 1 27 20 17 1 7 25 45 12 122 38 32 8 20 0 2 4 13 5 2 2 6 2 6 2 6 40 7 0 10 5 1 7 24 25 7 1 18 18 26 15 97 317 1468 38 949 14 51 15 280 20 25 1 13 12 46 4 121 30 49 11 26 1 16 0 37 21 50 2 27 41 439 28 411 538 1080 24 646 17 28 6 128 15 10 0 28 8 27 17 65 951 300 12 114 28 24 33 378 503 155 10 83 139 383 74 1013 1
71278 297 421 275 272 22 258 950 381 16 34 25 277 16 356 667 275 9 26 12 28 3 18 33 243 3 24 8 973 23 657 243 440 20 115 25 19 2 13 18 29 0 1 1 26 1 8 5 267 12 23 12 11 3 16 26 425 5 15 11 717 27 346 100 308 36 28 17 8 3 10 29 26 0 1 0 8 2 6 27 32 1 0 0 1 3 2 3 18 1 4 0 27 8 30 22 306 17 18 10 11 0 5 27 32 1 0 1 5 1 2 23 808 31 25 32 21 4 28 239 637 27 9 27 260 25 110 304 337 303 31 371 24 12 25 666 84 14 2 13 19 10 11 269 20 6 3 12 5 1 3 31 15 7 2 8 22 13 14 92 27 24 10 18 1 1 1 13 3 0 0 1 1 3 1 6 35 9 0 9 0 0 2 26 16 2 1 8 13 19 16 69 324 1217 26 763 5 36 8 250 15 21 4 11 14 33 10 118 17 30 0 35 3 10 0 35 8 30 1 25 41 333 23 398 407 797 12 377 10 27 6 99 13 11 0 8 9 24 10 64 671 248 9 93 31 36 18 304 260 111 8 71 99 425 66 999 1
61311 266 680 365 270 34 346 1200 524 22 20 19 337 18 477 1032 210 15 21 11 24 1 28 37 309 10 29 11 1358 36 1182 457 540 18 103 34 16 1 21 33 29 2 3 1 22 0 15 10 304 13 27 11 12 2 28 43 434 20 11 9 1139 31 459 182 261 22 18 28 26 4 8 39 19 2 1 3 11 2 14 24 21 2 1 4 4 1 1 6 16 2 1 2 30 7 45 22 330 24 30 34 8 2 11 50 33 1 0 3 15 1 6 27 1176 32 28 55 29 8 34 443 945 35 11 30 410 23 169 552 671 381 31 564 21 20 28 1137 123 31 0 10 24 26 9 402 19 22 0 20 2 0 2 21 22 10 0 5 28 35 13 168 33 26 5 13 1 2 3 10 5 2 1 3 0 3 1 7 21 14 1 13 2 1 2 20 10 9 1 12 7 26 2 64 345 1539 24 1340 15 45 17 475 22 37 2 14 13 58 7 178 23 33 3 27 2 7 2 26 25 38 1 22 38 437 25 695 504 1231 10 510 11 44 4 188 11 10 2 4 5 27 10 68 1045 422 13 190 21 28 20 591 364 145 5 49 166 625 51 1007 1
70775 277 412 276 253 35 270 945 325 15 34 18 248 15 359 700 269 20 17 15 27 3 17 36 263 10 26 11 940 27 881 247 451 22 102 14 15 2 16 15 36 3 5 0 22 1 15 11 260 11 24 11 19 2 24 31 394 13 17 5 881 22 387 108 288 29 19 15 10 1 16 22 16 1 1 0 11 2 6 28 42 5 1 3 2 1 1 6 27 1 4 4 37 7 34 22 288 18 11 19 13 3 5 31 28 2 0 3 11 0 5 24 893 26 22 21 32 13 22 159 771 29 12 23 254 25 107 272 320 237 22 440 15 20 21 751 53 14 2 11 20 19 13 313 17 10 3 11 0 2 0 32 13 11 0 6 8 29 11 105 38 25 1 12 3 0 2 7 6 0 0 0 0 2 0 5 29 8 0 11 1 1 1 25 10 5 3 13 12 23 9 68 287 1047 22 881 9 35 6 273 12 13 2 9 13 40 12 127 21 40 1 35 0 11 1 28 18 36 2 32 36 336 36 376 458 883 12 380 15 32 8 111 11 8 4 6 8 21 10 61 724 299 10 98 41 22 27 271 319 144 6 61 113 374 57 767 1
71064 252 365 244 237 34 233 1006 314 18 24 17 255 9 417 786 265 10 15 9 47 2 17 28 270 3 26 3 1041 27 820 210 403 17 131 17 24 1 11 21 48 1 8 1 24 3 18 12 264 8 22 9 24 2 25 26 454 11 12 6 837 38 444 94 261 31 20 15 9 1 8 42 13 1 3 0 9 2 15 26 39 0 1 5 1 0 0 4 24 2 1 2 43 9 40 21 273 16 15 26 10 1 4 23 25 2 0 1 6 3 7 23 900 30 14 30 20 4 26 235 704 19 11 21 221 34 84 288 305 236 32 414 24 14 21 693 59 14 5 8 13 17 17 375 14 3 3 15 1 1 2 26 18 7 1 2 12 33 13 112 36 23 2 16 2 0 2 9 8 2 0 0 2 0 1 9 25 12 2 7 0 0 0 21 14 11 0 12 15 29 10 54 276 1144 30 781 8 30 9 192 13 10 2 6 11 35 7 95 20 43 4 37 3 9 1 26 26 34 1 44 31 324 27 317 484 863 16 423 11 32 6 78 15 13 0 9 5 14 17 53 694 237 8 91 34 22 24 296 331 97 10 69 104 363 61 798 1
63020 570 533 396 499 70 386 1296 505 41 59 42 393 29 512 821 519 22 37 18 73 9 33 54 378 21 48 13 1271 61 843 309 540 48 69 19 43 9 19 40 53 6 2 3 50 5 25 24 362 11 23 12 26 9 22 43 491 25 17 8 1002 52 383 138 461 56 31 36 23 7 13 50 32 3 9 3 10 5 17 34 75 7 6 3 3 1 7 18 33 5 8 6 33 11 46 45 375 24 19 18 16 6 8 42 27 3 2 6 15 6 13 28 1036 43 25 41 65 21 41 342 808 52 23 24 248 49 150 334 482 406 42 488 30 34 35 895 96 21 8 13 20 21 15 379 37 19 5 28 6 6 4 40 21 17 5 10 22 33 17 131 50 34 7 22 2 12 3 17 3 1 2 3 6 7 4 30 32 13 0 9 7 4 5 26 17 8 5 14 18 43 15 119 383 1481 34 975 5 45 17 311 24 22 3 21 8 31 13 132 25 64 4 35 2 10 4 39 28 44 8 51 30 350 38 406 473 992 30 366 13 41 8 130 25 16 0 22 14 37 25 130 840 316 14 133 36 40 39 342 397 124 31 96 147 400 114 1091 1
73436 279 307 244 237 20 264 828 306 24 34 13 258 11 428 603 252 13 15 11 41 2 21 32 278 10 20 8 1025 31 723 224 357 10 96 21 19 1 25 19 25 0 6 1 25 1 14 14 275 6 12 7 19 1 17 23 436 11 12 4 707 23 313 112 256 29 28 25 7 2 9 33 22 2 0 2 4 3 13 23 27 4 0 2 3 0 0 7 11 2 0 2 28 9 31 30 275 7 23 16 9 0 8 30 15 0 2 1 8 3 12 35 715 23 22 20 29 8 26 189 553 23 12 22 220 23 103 263 278 280 23 480 19 14 17 649 34 17 6 8 14 9 12 272 16 10 2 7 1 1 1 26 10 10 0 4 22 31 8 89 32 13 4 10 1 1 1 9 1 0 0 1 1 0 2 9 32 9 2 1 3 2 1 24 18 9 0 8 12 26 7 53 234 919 18 773 12 18 5 198 14 19 1 11 3 22 7 95 12 31 3 26 1 14 2 24 9 37 1 29 23 294 33 338 445 681 17 325 11 33 6 97 10 9 2 8 6 25 16 60 557 198 9 84 27 26 20 257 245 87 9 64 76 371 63 865 1
71293 294 336 296 246 33 276 999 336 15 47 19 231 17 361 682 253 11 24 10 35 3 22 20 220 9 22 9 983 36 661 225 414 24 134 23 24 1 33 10 32 0 1 2 21 1 15 6 275 14 28 8 20 3 22 33 373 10 18 1 773 29 413 90 298 33 14 22 17 1 7 26 14 4 1 0 16 2 12 25 21 2 3 1 3 0 3 2 12 5 0 1 19 6 32 27 261 21 18 27 9 2 6 31 20 3 0 1 8 1 3 29 921 27 22 25 23 5 28 231 638 27 10 13 189 19 111 270 284 300 27 383 22 18 19 718 71 20 5 18 22 24 17 344 21 6 2 6 1 1 2 18 16 8 0 6 27 26 8 92 36 28 5 20 1 4 2 5 3 1 0 1 0 2 0 8 23 2 1 9 0 1 0 23 11 2 0 9 11 22 7 71 303 1166 19 772 6 33 11 235 24 34 2 12 10 20 6 93 16 43 3 20 2 8 1 36 18 44 0 28 26 333 28 344 398 812 24 438 8 27 7 111 18 16 0 12 3 33 12 51 681 196 15 106 23 31 21 277 344 119 5 75 100 439 56 1019 1
71550 262 297 267 292 34 294 968 306 15 25 18 253 17 421 828 251 6 21 12 42 1 18 30 267 10 18 1 1029 23 776 247 380 20 68 15 22 2 22 19 23 1 6 1 23 3 10 8 298 5 20 10 20 1 16 34 375 7 10 5 864 20 340 105 280 42 14 23 4 2 6 34 20 1 1 1 8 1 12 33 30 3 5 3 5 0 2 8 17 5 1 0 32 10 22 17 268 16 23 22 11 2 5 32 16 3 3 0 6 0 6 34 936 20 17 25 14 6 26 213 719 20 7 11 217 31 99 234 300 266 29 450 16 24 17 748 52 18 2 11 10 18 11 291 16 7 1 7 2 2 0 14 9 10 2 7 14 36 8 107 32 20 5 9 1 1 5 8 7 2 1 0 0 2 2 10 18 4 2 3 1 1 2 18 12 6 1 11 10 21 7 57 289 1101 25 839 8 32 4 237 13 25 1 8 3 40 8 99 21 40 2 30 4 12 2 32 8 29 2 31 32 279 14 307 464 770 16 349 12 21 4 80 9 12 1 15 4 16 13 47 802 242 10 88 21 27 24 279 293 96 13 50 113 353 56 819 1
71082 265 367 239 288 34 243 1043 321 26 26 19 255 12 449 843 270 12 23 9 31 1 25 35 266 12 22 12 989 25 804 198 402 25 122 13 17 1 20 8 31 0 7 1 29 1 16 4 281 10 14 6 22 1 17 18 453 8 11 7 916 28 363 86 284 36 19 21 14 3 7 28 24 0 2 1 12 2 11 30 45 1 3 1 4 0 3 3 14 0 1 3 29 10 25 21 289 17 26 16 11 0 6 23 21 2 0 0 9 0 5 24 928 14 16 26 37 6 32 245 662 27 12 23 221 35 97 289 279 234 41 453 22 10 23 738 68 12 4 5 10 22 6 339 22 5 2 12 1 2 4 22 14 13 3 7 17 30 13 86 38 31 7 17 0 2 0 1 4 1 2 0 2 0 2 7 24 10 0 3 0 2 2 24 19 7 1 18 4 20 7 50 242 1163 20 805 9 41 5 196 12 14 0 12 9 31 5 107 25 45 0 27 3 13 0 20 17 40 1 35 33 324 17 357 473 860 18 375 10 19 11 91 10 8 2 6 4 23 8 55 747 175 7 83 30 32 18 296 333 145 10 54 72 342 43 744 1
71476 252 387 275 223 32 256 835 287 17 32 22 288 19 461 748 262 14 21 7 20 2 16 21 261 9 18 3 1104 25 780 217 401 22 85 22 18 1 11 14 36 2 1 4 21 1 16 7 277 5 27 3 20 2 17 31 417 13 11 5 790 25 410 100 283 29 22 13 8 2 7 27 16 1 2 4 16 1 7 33 17 2 3 4 1 3 1 5 19 2 2 3 29 10 28 21 297 15 18 22 6 2 4 24 19 1 1 2 14 1 7 22 986 32 13 27 25 11 28 214 714 25 10 18 213 15 76 288 260 272 36 432 25 19 20 704 49 14 2 14 18 21 14 306 16 12 2 14 0 0 1 28 6 3 2 7 13 37 12 103 30 16 3 12 1 2 0 7 3 0 1 1 1 1 1 16 29 13 1 9 1 1 1 24 10 7 0 11 9 28 12 61 291 1018 28 786 9 25 5 232 19 11 0 4 7 36 3 117 17 33 0 34 2 10 0 29 21 35 0 23 34 318 33 314 532 792 12 375 10 30 10 96 8 8 1 13 5 23 7 43 822 271 7 105 20 19 21 279 315 120 8 58 112 358 57 735 1
62800 485 510 391 516 61 404 1101 496 50 52 45 448 45 490 815 512 17 32 9 59 8 41 63 416 18 33 10 1276 50 861 341 510 30 124 21 37 2 23 26 56 1 9 2 45 3 18 19 390 5 22 9 31 1 25 38 526 10 15 9 1027 32 505 183 486 64 38 28 24 6 23 56 28 7 4 6 12 2 17 42 54 8 5 2 4 3 4 10 17 7 4 0 54 24 39 45 415 41 29 26 17 4 8 45 31 8 5 2 9 2 10 34 1134 33 21 33 47 19 29 303 881 22 14 26 295 29 125 392 450 433 46 494 26 29 43 777 106 32 12 31 17 25 30 414 52 13 2 15 5 6 2 31 20 11 2 5 28 38 16 141 38 41 13 15 8 2 2 22 5 2 2 5 2 1 3 9 49 14 5 7 13 2 2 27 22 11 3 13 20 29 23 107 391 1479 43 1000 10 44 11 342 14 28 0 17 7 46 6 148 44 64 2 30 4 26 2 38 28 45 3 27 34 337 26 387 449 907 17 544 17 35 12 144 18 18 6 21 12 24 23 85 863 310 16 109 39 46 39 335 450 125 8 95 140 367 101 1168 1
71926 263 379 301 247 24 296 745 360 17 27 19 259 22 473 785 240 7 14 8 14 1 22 21 261 11 18 7 787 19 752 213 416 15 87 12 26 1 26 18 33 0 6 0 32 1 9 12 288 13 24 13 19 4 14 31 457 12 15 12 721 24 268 97 290 30 21 23 5 2 8 26 20 2 1 1 10 0 14 35 23 2 1 3 4 3 2 5 17 1 0 2 24 10 33 39 316 27 21 13 11 3 15 34 24 1 1 1 9 2 12 30 762 23 18 19 28 1 19 235 697 33 8 29 191 24 100 327 353 329 26 505 24 16 18 631 60 17 1 11 20 17 10 257 18 10 1 13 4 0 0 32 18 6 1 7 18 36 12 93 40 25 7 13 2 0 1 7 1 0 0 1 0 0 1 7 26 8 1 5 1 0 2 24 9 7 2 13 9 18 10 50 306 903 27 818 10 28 7 213 17 17 1 12 7 28 4 99 18 35 3 32 0 10 0 25 20 34 3 34 28 287 34 384 500 788 13 263 8 26 4 112 9 15 1 11 8 25 15 65 718 230 10 98 22 27 24 328 236 102 7 57 95 440 53 973 1
71126 250 378 243 205 26 233 1127 288 15 19 15 246 11 418 854 227 13 19 7 20 1 6 30 234 10 23 5 1078 37 859 240 469 20 93 16 13 0 12 12 22 1 0 1 20 0 10 5 243 8 14 7 15 0 20 23 427 14 10 4 1009 28 295 86 287 25 15 8 5 2 4 24 13 0 1 1 6 1 12 27 31 2 1 1 1 0 2 3 17 2 3 0 30 7 31 11 313 17 16 19 12 0 9 20 19 0 0 0 7 1 2 20 943 19 10 30 23 3 27 278 761 21 6 11 234 17 86 282 315 240 30 486 13 18 13 819 72 9 3 8 6 13 6 294 14 5 1 12 1 0 0 29 9 7 0 5 8 31 8 88 32 20 2 5 0 2 0 6 1 1 0 0 0 1 1 4 14 5 3 4 0 2 3 16 7 6 1 16 9 20 6 45 272 1156 17 894 8 20 8 234 13 9 0 10 9 28 3 95 11 31 1 34 4 7 1 20 19 33 0 33 37 336 16 383 505 913 6 273 7 27 3 83 4 11 0 1 5 31 14 26 838 260 4 94 26 17 20 293 229 122 7 44 106 424 45 602 1
71384 249 453 253 227 17 272 831 325 23 40 24 258 22 417 714 219 6 14 4 37 1 17 23 250 13 21 5 1012 31 800 260 437 22 134 18 21 2 28 17 29 0 5 0 29 3 19 11 260 8 18 8 16 1 23 34 378 8 9 7 858 29 410 106 244 23 14 15 12 1 12 28 17 1 0 1 8 2 10 29 21 3 0 2 4 1 2 10 15 3 1 0 25 5 34 22 264 22 19 27 6 2 13 31 20 1 1 2 10 1 5 31 812 22 11 35 26 6 30 241 685 21 8 22 268 28 118 290 335 233 19 397 13 18 17 678 59 17 1 15 15 29 16 324 25 15 1 10 1 2 3 31 13 9 0 7 16 38 6 119 32 23 6 13 1 1 0 9 0 0 0 1 3 3 1 1 26 5 2 3 2 0 0 19 11 4 2 13 7 24 5 66 262 1003 27 822 18 50 4 228 19 28 1 11 10 41 7 133 24 29 0 21 4 12 1 37 20 45 2 37 38 370 27 407 424 802 16 413 10 22 5 92 11 10 1 3 7 22 9 53 761 221 5 109 26 16 17 261 315 113 7 59 97 413 61 819 1
85049 232 120 145 206 36 145 445 170 26 18 27 133 10 193 461 252 11 10 5 23 0 11 16 135 3 16 6 290 13 259 87 114 10 11 8 9 2 5 2 17 0 1 1 15 0 6 3 202 2 3 7 27 0 4 8 204 7 4 4 263 10 100 36 247 24 11 12 9 1 6 10 22 1 1 2 1 0 7 14 29 4 0 1 6 1 4 3 12 1 0 1 14 2 15 8 174 10 3 6 7 1 4 7 25 2 1 1 3 0 7 23 507 20 9 10 19 3 10 40 507 16 8 11 65 9 43 82 135 134 12 288 20 14 28 367 23 3 4 10 6 5 8 99 18 6 0 8 0 1 2 18 9 2 0 3 4 3 8 25 24 13 1 4 3 1 1 12 3 2 0 0 0 1 1 9 22 3 0 4 1 0 0 13 11 5 1 8 2 11 6 37 151 352 23 288 4 11 5 77 5 3 1 10 0 1 4 29 12 9 2 15 0 0 2 10 4 5 1 7 11 34 16 60 284 330 4 74 4 16 6 24 11 8 3 3 2 10 2 49 481 85 5 27 19 12 14 71 106 20 4 42 37 68 44 297 1
68249 255 404 261 224 36 263 899 360 28 45 28 319 21 498 871 182 17 23 10 43 3 21 42 254 9 29 18 792 28 827 346 443 16 76 20 26 4 24 22 47 1 7 0 40 6 22 8 257 10 26 10 30 2 16 43 520 24 22 15 887 45 351 185 171 31 28 23 13 3 15 36 18 8 3 3 13 1 22 49 42 10 6 1 6 10 3 12 20 1 3 2 40 15 43 33 258 25 12 26 17 4 14 44 31 1 3 2 10 1 13 32 858 40 22 37 42 9 51 249 877 39 10 31 385 43 187 385 371 297 40 475 24 27 44 886 73 24 6 27 26 32 18 435 37 9 1 17 6 1 2 44 19 14 6 11 19 31 12 163 40 30 13 11 0 3 2 17 10 2 3 7 0 2 1 10 24 23 0 18 1 0 4 32 29 6 6 14 12 27 12 106 231 747 31 773 15 42 16 326 23 28 2 12 9 42 12 157 30 44 3 48 3 9 1 33 32 42 8 29 38 239 30 404 521 813 21 332 15 48 10 177 24 16 3 13 11 32 20 82 830 362 17 145 53 34 27 407 439 162 22 103 172 441 81 910 1
68194 249 376 247 231 48 249 927 386 23 42 53 273 27 461 931 208 16 22 10 43 3 20 44 248 13 29 15 827 43 801 306 430 26 104 19 24 3 11 13 43 3 13 4 32 1 18 16 257 5 15 14 16 2 21 38 491 18 22 9 828 41 345 195 248 31 28 15 13 6 15 37 34 2 2 4 20 4 20 37 30 8 2 0 12 6 2 14 23 0 1 2 31 10 45 42 290 13 15 20 6 2 9 46 31 1 0 2 13 0 17 30 827 48 16 41 36 11 33 279 899 43 12 25 349 38 144 405 380 283 37 461 18 23 22 888 97 16 8 16 20 20 22 465 26 16 6 24 7 0 4 46 22 10 1 13 24 43 14 160 37 28 10 17 4 4 2 12 9 3 8 3 1 4 3 14 36 16 3 11 4 0 3 29 23 17 3 19 10 25 17 93 242 818 42 695 19 43 17 328 20 23 0 17 17 41 11 166 23 28 5 34 2 15 2 45 27 42 1 29 38 262 25 382 553 869 21 327 23 40 12 151 22 10 4 19 12 27 21 80 937 337 15 171 44 44 36 388 441 153 14 84 186 432 97 940 1
73082 160 356 185 173 27 208 963 410 25 32 23 204 21 284 849 146 13 23 6 28 3 20 32 180 15 13 9 650 28 638 259 337 10 102 13 28 4 17 16 35 1 7 1 24 6 17 13 165 8 9 3 22 0 15 31 311 13 8 10 684 46 315 142 148 26 21 16 11 5 8 36 30 0 1 5 14 2 11 37 27 3 6 3 3 0 2 8 19 3 4 1 20 3 32 20 210 13 27 25 17 2 17 34 23 5 1 7 6 2 11 32 831 28 21 30 33 6 32 285 833 22 12 32 300 27 125 390 425 171 23 308 20 13 22 868 132 26 5 15 24 29 9 400 26 8 4 9 2 2 3 40 27 15 2 7 12 26 10 126 35 19 6 12 1 2 1 11 3 3 0 0 1 2 1 5 26 4 0 3 4 1 0 19 19 11 1 12 4 24 8 59 191 657 23 626 9 24 8 258 20 9 0 15 4 25 6 110 27 29 3 34 3 4 2 28 25 37 3 20 27 220 18 323 319 624 10 290 10 33 7 126 10 4 4 7 5 21 10 57 845 282 10 123 37 24 25 387 375 122 8 67 116 343 46 833 1
73014 150 387 213 169 26 220 818 304 20 24 31 195 19 341 802 190 13 30 9 21 8 23 26 219 6 21 5 716 37 695 240 362 20 98 18 14 2 20 19 34 4 4 0 30 2 18 10 237 10 26 10 20 0 17 19 356 14 15 3 714 38 337 131 153 23 30 19 7 1 8 34 28 3 1 4 7 2 12 38 26 3 4 2 4 0 2 7 19 0 3 2 37 8 35 30 235 17 16 27 9 1 8 27 27 5 0 4 7 0 10 30 747 32 14 40 34 5 40 222 695 34 13 31 300 34 130 344 307 229 15 328 21 14 24 706 71 24 1 16 12 28 21 372 28 5 1 9 1 2 0 32 21 8 0 7 21 39 13 150 33 17 3 15 2 3 0 5 3 0 0 2 2 3 1 11 23 12 1 10 7 2 4 18 15 6 0 11 12 33 7 85 240 789 19 673 9 24 4 256 19 10 2 8 5 40 6 139 23 28 2 33 2 7 1 29 24 48 6 23 43 237 28 378 378 668 13 342 11 37 3 126 16 15 2 13 7 25 15 70 743 290 12 146 34 35 26 305 389 130 6 62 156 344 68 718 1
83643 62 182 129 70 7 135 395 173 11 13 7 146 11 205 478 59 5 10 7 4 2 11 19 113 3 13 13 377 21 435 247 196 9 40 7 11 0 15 13 11 1 1 0 13 1 6 5 99 4 14 5 8 0 14 13 187 2 5 3 422 15 203 96 51 17 8 17 9 2 9 16 12 0 1 1 3 2 6 8 11 0 1 1 1 0 1 3 10 0 3 0 14 2 21 14 112 7 16 18 4 1 5 9 10 1 0 0 7 0 5 10 369 20 12 12 17 6 13 106 378 15 7 8 190 15 87 176 157 139 18 148 7 10 11 377 29 12 0 11 13 6 10 202 12 3 2 6 1 0 1 18 6 3 1 7 11 18 7 103 12 22 3 13 0 0 1 6 0 2 0 0 0 3 0 4 10 4 1 0 0 2 1 9 6 5 1 1 9 10 4 36 103 365 17 447 4 16 5 206 9 19 1 5 8 19 2 101 11 20 2 10 1 7 1 11 15 20 2 16 12 114 13 237 184 394 4 230 4 16 2 75 6 9 0 6 5 10 3 33 366 182 7 83 10 13 11 204 184 73 5 30 84 208 26 411 1
79467 132 194 186 130 17 194 397 243 19 22 26 172 12 308 594 139 12 20 9 13 4 9 23 158 15 26 14 289 16 463 282 214 17 22 9 19 4 12 14 20 2 1 1 14 2 19 11 205 15 9 11 15 2 9 21 296 18 18 11 522 33 179 127 129 15 21 15 11 0 11 19 23 2 1 4 9 0 21 49 17 4 1 2 0 2 0 1 18 1 2 1 16 2 39 30 169 5 7 6 12 1 6 21 26 2 1 2 14 3 14 23 493 33 9 15 19 4 30 109 484 31 11 21 233 27 156 252 186 147 32 295 23 13 29 569 38 12 0 6 9 7 10 230 21 9 4 25 2 1 2 44 8 11 0 11 10 26 8 129 27 28 1 12 3 0 1 9 0 1 0 1 1 1 1 7 27 19 1 6 4 2 2 26 12 7 0 16 7 25 3 73 164 267 22 502 6 23 18 251 10 10 0 9 3 13 8 149 10 23 3 37 3 2 1 29 11 14 1 25 17 63 19 197 305 450 11 198 27 26 15 131 12 9 1 5 19 19 16 64 636 223 13 144 42 22 21 258 227 121 4 93 151 245 76 600 2
58687 525 419 457 466 73 438 1372 520 44 54 51 460 47 677 1224 453 39 38 18 65 6 38 70 462 29 53 13 1050 46 1013 349 427 35 43 16 30 5 16 32 63 3 5 1 43 3 19 21 478 23 11 22 40 2 22 56 671 31 18 13 1015 69 322 165 485 63 27 32 29 8 20 66 40 10 3 5 25 5 38 84 78 6 7 2 4 2 2 21 43 2 4 4 58 13 75 41 443 42 16 20 21 6 15 60 45 2 2 3 15 2 16 66 1570 60 22 41 68 8 44 402 1301 71 12 41 327 38 161 505 505 474 53 601 34 38 45 1092 72 37 1 29 23 35 32 443 50 31 3 33 7 1 5 56 23 12 3 12 16 38 17 160 56 49 4 30 4 8 1 21 3 2 0 2 1 4 4 8 42 21 5 10 5 3 3 53 32 16 2 24 16 48 13 114 491 1140 37 1001 19 59 31 323 14 16 2 17 17 24 19 159 38 55 8 79 6 10 6 54 17 43 4 40 47 220 38 370 668 1160 22 349 34 57 18 174 27 28 2 10 14 40 21 130 1258 383 18 197 74 38 49 473 547 185 13 140 182 387 113 993 2
71002 313 308 265 357 69 308 1030 507 38 44 27 308 24 345 831 339 33 33 23 53 6 20 60 287 19 18 11 549 31 515 272 313 29 56 6 24 2 13 17 41 3 2 1 34 3 18 17 273 16 14 18 26 5 17 39 378 24 15 8 464 46 220 109 352 46 32 23 31 6 16 70 37 3 1 3 20 3 15 51 62 4 3 5 3 2 2 13 29 2 3 3 35 5 27 48 289 18 12 16 20 1 12 50 44 0 2 3 17 1 14 54 964 44 12 35 50 17 44 362 806 34 13 39 233 38 108 478 487 285 45 389 35 34 41 856 135 16 7 28 25 14 24 438 45 16 1 21 5 2 1 42 23 14 3 13 11 23 23 125 42 30 4 14 1 1 3 14 9 6 1 2 1 1 0 23 25 19 5 14 5 2 2 35 14 16 1 9 14 31 14 91 273 542 31 493 14 24 21 240 8 12 3 11 6 23 13 130 35 37 4 33 1 3 3 40 21 18 4 20 15 136 20 234 355 540 15 210 18 30 14 129 24 11 2 11 8 20 17 92 831 269 18 110 36 43 39 521 363 139 16 81 110 208 100 911 2
63687 455 356 344 424 68 370 1202 530 47 47 45 306 27 415 996 546 41 34 26 65 7 38 49 392 20 38 23 752 42 669 402 407 41 61 13 32 1 20 27 56 2 7 3 36 7 24 12 434 25 23 13 33 1 19 36 560 23 23 18 702 41 334 180 539 61 40 32 32 9 20 67 41 3 4 6 25 3 24 73 81 7 7 4 14 3 6 6 44 1 4 1 48 10 47 42 429 44 14 24 26 3 16 46 47 4 2 5 28 1 15 41 1360 48 27 43 54 12 32 340 1180 52 24 37 448 35 161 463 549 311 65 409 50 37 60 919 110 31 9 20 30 27 25 442 47 24 3 17 5 1 3 61 19 11 3 16 21 24 10 150 51 53 1 23 2 3 3 21 1 3 1 2 3 5 2 12 81 29 4 16 4 3 2 41 33 12 2 14 22 30 9 97 358 698 33 641 15 38 22 354 29 14 2 19 17 31 10 158 50 40 3 46 1 5 2 44 26 26 2 27 33 214 29 276 548 833 16 331 34 63 14 184 23 13 5 9 8 24 31 127 1236 411 22 176 87 40 57 469 453 164 18 119 183 291 148 980 2
64729 401 364 382 336 49 379 1111 525 46 59 64 372 35 582 1129 381 26 33 34 60 6 42 58 351 22 37 20 656 45 723 414 396 32 49 20 34 4 12 20 66 1 4 4 33 5 24 26 331 22 18 20 37 7 25 45 444 33 24 15 782 45 281 178 344 55 37 30 30 6 23 79 42 0 6 8 26 6 37 80 45 15 4 5 5 1 6 10 47 6 7 2 40 9 52 65 331 21 10 26 20 5 13 51 50 3 4 6 23 4 15 54 975 38 28 50 67 12 56 249 987 63 22 36 380 36 224 377 461 395 49 521 53 38 54 927 80 35 7 36 24 15 37 464 39 18 2 24 4 5 5 81 21 9 5 19 21 32 19 193 49 46 6 23 1 2 2 18 5 2 0 2 1 8 1 20 61 21 5 17 3 5 2 47 27 23 2 19 13 29 23 104 348 738 41 791 24 50 20 411 28 16 1 16 21 38 19 173 40 57 5 65 5 8 6 54 23 49 5 46 35 152 31 280 456 748 24 325 26 61 18 211 21 15 6 13 14 43 22 148 1092 362 23 171 77 45 43 405 464 160 12 131 223 310 117 982 2
62142 405 479 325 464 51 360 921 623 48 57 55 344 34 336 919 546 43 39 39 61 4 46 56 392 21 42 49 632 51 663 423 558 45 135 30 57 10 29 38 54 9 11 2 59 13 26 29 437 27 31 30 34 4 15 39 438 42 30 20 610 43 435 215 479 65 51 21 46 10 42 55 64 15 5 8 37 6 37 63 77 9 3 4 12 2 5 11 39 4 4 9 46 11 36 51 424 36 23 19 32 2 15 36 76 11 5 10 44 12 16 48 1207 63 26 34 54 21 38 315 1067 69 29 66 493 56 206 510 580 316 60 416 57 35 64 943 169 27 8 32 39 21 31 448 67 21 4 41 15 2 11 63 27 16 3 17 31 33 22 181 51 47 10 27 6 6 4 24 9 2 1 3 3 3 3 20 80 32 2 27 14 7 5 64 32 24 8 17 21 40 32 157 382 684 51 640 37 41 32 468 43 20 1 15 21 22 33 165 44 48 11 41 8 15 8 57 28 31 6 45 48 262 30 392 471 657 36 378 31 40 23 179 32 28 3 25 24 27 22 129 1026 481 33 222 76 63 49 496 497 212 24 140 178 441 134 1414 2
77804 261 224 261 253 43 241 805 328 35 37 46 194 19 261 675 243 17 26 11 30 7 14 28 172 19 23 22 277 17 268 223 230 17 39 9 13 5 13 8 43 4 1 4 26 4 11 14 225 19 10 19 22 2 13 20 271 28 9 15 323 31 155 98 237 22 24 17 15 2 16 25 43 3 3 4 31 6 14 32 36 6 3 1 1 0 0 6 28 2 5 2 24 10 26 25 240 14 16 13 21 2 15 21 42 9 2 3 26 6 10 25 793 27 11 19 26 7 21 214 643 49 16 33 223 29 109 269 314 176 37 228 46 22 60 574 52 13 6 10 16 12 21 260 30 19 2 27 4 2 7 58 5 12 2 17 8 14 9 95 29 20 3 16 1 1 2 16 2 1 2 3 3 2 1 10 42 18 2 12 5 3 3 38 14 9 2 19 14 27 6 103 188 278 34 308 24 28 32 213 21 9 1 17 14 14 21 110 18 14 4 32 3 5 6 38 9 17 0 35 20 75 17 179 270 326 13 157 19 24 12 88 19 14 4 10 8 12 8 82 699 217 15 110 38 24 15 283 251 110 7 80 79 174 75 694 2
61550 299 261 353 352 36 362 1179 435 53 38 50 382 21 536 1520 370 27 19 19 47 4 23 46 386 15 34 21 901 40 943 504 281 27 19 13 20 2 16 7 33 4 4 2 30 2 13 19 363 22 15 7 20 1 27 29 595 24 21 15 954 36 546 228 338 28 14 26 19 2 23 48 30 4 3 9 26 4 31 92 45 5 2 4 6 1 1 9 23 1 0 1 30 6 37 26 371 23 15 17 20 2 14 32 41 2 0 1 24 0 22 52 1436 30 23 34 45 8 31 261 1521 58 14 45 492 36 234 508 397 357 24 455 43 12 45 1377 47 11 0 19 17 14 19 616 30 18 4 20 8 2 12 60 8 4 2 10 14 26 11 155 41 27 4 14 1 1 0 11 1 1 1 0 1 2 0 10 46 20 3 12 10 3 11 37 25 12 2 12 11 26 8 113 373 949 43 950 17 28 8 398 15 15 0 15 6 34 16 161 18 36 3 39 3 10 2 37 12 28 0 22 24 172 24 265 591 1136 20 532 29 31 16 210 20 12 2 14 11 19 9 102 1538 523 17 195 82 36 53 477 603 149 8 96 188 294 93 857 2
57813 449 397 439 414 65 418 1453 557 38 31 46 375 31 607 1424 413 26 34 26 38 8 34 50 406 16 46 16 905 36 934 411 422 31 53 13 40 4 16 19 46 6 2 0 55 4 20 20 416 19 19 17 32 3 21 42 655 29 25 13 1063 61 406 202 366 41 26 26 19 7 27 71 56 6 1 2 20 6 28 66 48 3 3 1 7 3 3 10 33 4 7 2 47 8 55 41 375 39 15 18 27 3 12 36 65 5 2 1 29 4 10 36 1718 63 32 49 74 9 57 356 1665 79 26 63 461 42 204 542 550 394 50 631 51 37 64 1386 90 25 0 24 21 20 29 589 47 23 1 25 11 6 3 62 28 17 3 8 14 26 15 162 37 31 2 19 2 4 3 17 5 0 1 3 0 3 3 19 55 21 2 18 7 1 5 48 26 16 3 13 14 48 18 112 414 882 54 914 15 44 22 431 27 22 1 21 17 42 11 208 28 42 2 72 3 13 0 51 16 35 3 45 35 255 37 397 606 1007 16 386 18 47 17 207 36 18 0 14 7 28 18 104 1747 446 33 229 82 49 52 541 750 200 10 112 190 394 102 1033 2
63957 334 321 325 323 37 318 842 420 43 39 63 342 26 467 1100 364 32 28 25 51 6 35 38 374 15 43 22 854 52 672 318 367 36 42 16 25 4 15 14 38 6 3 4 43 4 27 19 360 22 16 11 44 4 21 29 569 27 16 21 1005 65 310 161 415 49 36 42 28 6 35 35 46 2 3 4 20 2 27 90 50 10 7 1 8 1 1 12 44 4 8 3 42 10 55 37 386 36 25 14 28 2 15 43 67 7 4 4 24 5 14 82 1090 54 13 42 62 11 33 198 1466 98 25 88 376 47 189 446 452 305 42 491 52 24 64 1361 45 14 2 16 22 17 17 379 42 21 2 33 6 3 5 103 18 10 2 12 24 31 15 148 54 39 6 23 6 3 1 12 3 3 0 6 2 2 4 13 68 18 2 13 6 1 6 57 28 26 2 23 15 54 18 149 400 749 38 841 26 34 22 354 24 13 0 21 11 24 14 139 36 40 6 63 4 8 8 43 11 34 5 62 24 180 39 319 474 800 28 331 29 48 20 163 24 14 3 14 21 33 24 120 1352 398 14 181 101 39 75 469 431 180 13 142 180 331 130 944 2
71737 224 223 245 268 27 261 992 381 31 19 33 268 22 379 1053 226 18 31 10 21 3 13 39 236 8 28 11 459 18 559 322 249 16 19 6 12 1 11 13 38 1 1 0 31 2 9 8 237 13 7 11 10 3 14 28 341 18 14 11 679 59 215 138 266 25 22 9 23 2 13 39 20 1 1 3 9 3 16 45 29 0 2 5 5 0 3 6 21 0 1 3 22 3 31 26 257 22 6 14 15 1 5 31 37 4 0 0 18 6 8 31 923 38 10 23 27 11 33 284 986 57 11 44 325 26 129 423 420 198 34 356 17 17 17 1142 69 15 4 14 16 17 15 458 32 19 2 19 3 1 3 42 14 6 0 15 7 16 13 137 39 25 0 13 1 1 0 7 1 1 0 1 0 1 1 10 30 18 0 6 3 3 3 33 16 13 1 21 7 37 12 86 285 432 28 742 8 19 18 341 19 10 0 5 5 17 10 135 24 21 3 61 2 6 1 38 6 23 0 34 15 105 20 219 344 574 14 257 22 31 8 119 17 11 1 5 20 12 14 71 1012 317 9 151 44 34 33 448 459 128 10 97 112 253 69 801 2
62317 358 290 335 419 49 364 1299 452 31 32 44 376 25 499 1402 382 22 30 20 40 2 23 44 334 16 42 23 778 34 972 480 317 27 19 25 24 2 10 16 36 0 2 0 28 2 17 12 356 22 14 11 22 4 18 38 560 26 23 15 1200 67 421 224 414 41 23 25 29 1 21 43 49 3 2 4 20 0 28 59 39 4 2 4 4 0 5 4 29 3 2 3 37 8 37 34 387 18 11 17 16 4 13 42 69 10 0 2 25 2 19 41 1171 32 14 33 36 6 27 269 1398 70 4 46 460 45 145 500 450 331 40 531 45 24 65 1408 54 12 3 16 19 11 20 487 46 22 2 13 6 3 2 65 15 4 0 15 16 24 20 154 36 28 2 15 3 2 0 13 2 0 0 1 1 4 1 12 50 13 2 14 6 2 4 41 17 21 3 18 13 28 10 130 382 776 40 1164 18 28 22 472 12 5 2 11 9 26 13 177 14 27 3 61 4 11 3 49 16 22 0 32 29 155 40 302 491 940 10 364 29 46 18 171 15 16 4 2 15 20 15 79 1344 450 16 206 77 36 46 552 419 171 12 107 160 336 100 908 2
59508 389 385 390 371 41 374 1338 558 52 61 68 382 26 511 1593 393 33 42 26 61 7 42 74 421 27 42 36 688 39 851 455 389 36 51 21 32 4 14 29 43 10 3 3 35 9 20 20 389 29 28 25 27 3 25 52 560 36 24 16 953 68 389 171 365 41 30 26 32 4 20 65 62 6 2 5 24 6 28 94 70 7 5 7 7 0 0 9 38 3 2 7 38 8 84 47 362 38 19 22 27 5 18 49 73 7 0 2 30 3 19 64 1350 54 28 57 73 9 53 336 1504 71 17 54 443 54 241 558 573 314 54 523 61 48 62 1327 103 30 7 22 27 20 41 558 61 18 5 47 5 4 5 57 27 21 1 12 20 33 22 144 61 48 6 16 5 5 2 23 4 2 1 1 4 0 3 8 52 40 1 22 5 6 4 57 28 31 2 21 24 36 11 135 314 681 54 861 15 39 40 405 33 18 1 12 18 40 12 206 35 41 4 91 6 6 9 38 21 44 6 47 30 136 45 329 508 869 31 315 33 60 14 157 41 18 1 11 26 53 27 134 1824 457 21 212 94 61 71 486 593 210 21 153 229 349 145 1159 2
79801 144 217 185 151 30 170 710 230 16 24 26 172 18 299 564 126 13 16 7 18 2 13 37 165 13 33 4 311 32 388 200 176 20 36 8 19 3 6 8 25 1 5 0 26 6 15 13 181 7 11 6 11 1 9 28 305 19 5 10 332 31 164 105 126 23 22 10 15 3 15 43 24 1 1 6 17 3 12 27 33 2 2 3 1 3 4 6 26 2 2 1 25 6 37 21 194 17 13 5 9 3 13 20 16 5 0 2 9 2 9 28 679 30 17 31 36 8 29 176 533 35 15 22 171 19 106 271 231 179 32 291 17 13 27 557 29 9 4 11 13 16 13 267 27 13 0 22 5 1 1 33 14 7 1 10 5 19 6 95 30 19 1 15 2 2 2 12 0 2 0 0 4 4 1 11 25 8 3 7 1 1 7 23 10 9 1 13 7 29 8 56 184 342 23 364 10 21 13 177 10 9 0 7 7 12 10 88 22 18 2 37 0 6 1 22 18 30 4 26 23 82 27 185 312 344 15 151 12 27 15 79 9 11 0 3 6 25 10 75 574 187 13 106 35 31 28 311 236 76 10 66 100 171 60 585 2
60215 300 297 333 357 41 409 1205 630 43 50 54 386 18 535 1143 451 22 27 13 57 9 27 59 435 17 39 19 881 43 930 469 416 35 38 15 34 6 18 21 36 3 1 1 28 3 19 13 441 17 21 10 41 3 27 48 627 29 15 17 1065 57 460 196 366 48 26 21 26 4 14 57 39 7 2 7 21 4 35 68 55 4 3 1 5 0 6 11 38 1 3 2 55 6 53 54 409 28 19 17 16 0 17 49 53 5 1 2 17 2 30 51 1477 60 15 44 58 12 46 281 1501 74 25 43 506 43 229 513 573 328 29 487 38 34 62 1304 113 21 4 28 27 16 28 485 46 16 0 31 3 2 1 79 26 10 1 12 17 36 19 166 26 36 2 25 4 8 2 26 0 2 1 2 2 3 3 13 53 16 0 17 7 5 5 59 27 20 0 17 17 49 15 99 404 883 39 1005 26 38 18 405 30 26 1 17 9 45 14 170 27 51 3 51 5 7 1 46 24 35 5 48 53 151 45 331 569 957 19 450 33 53 14 204 26 18 1 19 14 45 10 105 1286 472 36 228 65 46 45 574 547 203 28 126 213 376 124 1034 2
70068 216 244 273 235 28 278 832 484 31 36 59 255 16 450 1068 261 13 12 9 34 3 29 51 292 18 25 8 665 32 546 382 244 20 57 15 20 2 18 22 33 0 5 1 19 3 13 20 276 12 22 6 22 3 15 29 355 14 16 9 480 19 368 175 262 23 22 31 20 3 12 34 30 3 0 1 19 1 22 53 36 2 1 3 2 2 3 7 18 2 4 1 30 8 20 37 257 15 13 14 13 2 10 27 32 3 1 2 7 2 8 49 841 38 25 42 24 10 38 285 920 40 9 44 339 46 174 515 455 278 30 382 29 29 47 954 82 11 6 30 15 24 20 464 32 7 1 18 4 4 3 53 15 12 0 3 16 46 11 141 27 21 3 12 0 1 2 10 5 0 2 1 0 1 1 16 42 12 3 9 2 1 4 46 15 6 2 7 16 23 12 85 286 703 22 554 16 27 16 377 13 23 2 10 6 33 8 151 25 27 2 18 4 8 1 47 18 37 0 22 30 184 25 259 422 549 20 399 18 30 14 166 20 13 2 10 8 22 14 111 970 335 17 158 55 41 33 540 476 142 16 93 147 243 82 964 2
68551 239 251 203 222 68 186 980 502 43 32 46 221 15 422 1309 202 20 32 14 28 8 16 58 227 11 43 16 536 29 740 278 254 24 38 18 25 1 14 27 36 4 2 2 39 1 13 14 199 19 17 4 21 1 14 52 444 18 18 19 792 48 201 151 185 33 25 24 18 3 19 37 44 1 4 7 16 3 29 51 31 7 4 4 1 2 4 11 22 4 2 5 28 4 37 47 205 18 16 13 18 3 9 37 51 2 4 0 22 1 15 50 955 35 22 45 53 11 34 399 1332 50 24 59 251 36 129 643 530 204 37 417 51 30 53 1318 69 24 4 23 27 17 23 411 31 15 1 37 5 4 3 54 19 5 3 13 14 25 9 124 50 43 5 11 3 5 5 18 6 2 10 10 5 4 30 36 53 13 1 16 3 1 1 41 21 13 4 25 18 25 19 98 224 480 30 750 14 18 23 254 21 9 3 5 7 36 11 126 18 27 2 43 2 2 4 41 15 20 2 28 17 138 32 278 456 701 13 188 36 37 14 139 13 12 13 23 7 33 29 96 1337 277 8 133 67 44 47 611 350 144 24 69 118 299 88 883 2
79283 138 182 177 138 28 147 640 221 16 14 26 159 25 268 735 162 13 14 8 20 1 15 30 142 10 17 3 318 19 504 181 143 10 14 7 11 2 6 11 18 0 1 3 21 0 6 5 216 12 15 4 12 0 6 29 290 18 9 6 422 22 138 95 162 24 12 14 3 3 6 30 17 3 1 0 9 1 15 44 34 4 1 3 2 1 2 6 25 1 2 4 24 3 25 23 223 18 9 12 8 1 5 30 26 5 0 1 8 0 6 24 836 25 7 22 38 8 21 198 771 30 10 22 187 19 93 280 233 151 22 268 18 25 31 640 21 12 1 10 11 11 13 257 14 11 1 10 2 2 3 43 14 4 1 9 9 17 6 81 30 23 0 9 2 2 0 10 1 0 0 0 0 2 1 3 20 10 0 16 6 1 2 30 12 9 0 15 6 18 3 61 154 362 14 414 5 26 3 186 17 9 4 11 11 18 7 70 19 25 4 28 2 5 2 26 12 14 2 17 23 64 27 158 328 508 9 167 12 27 7 93 10 8 2 14 8 24 13 83 677 206 6 86 33 25 26 282 253 91 11 52 88 147 51 534 2
63175 290 347 361 263 45 359 986 578 57 46 75 360 28 595 984 278 36 46 28 39 1 27 60 393 35 59 39 498 54 559 476 358 29 59 16 30 3 21 18 47 3 3 1 34 3 27 22 383 31 20 26 34 0 21 64 595 39 24 27 533 45 299 198 257 37 34 29 32 7 40 62 42 3 11 5 34 5 62 88 47 7 3 7 6 2 10 21 38 6 8 2 54 9 51 56 369 29 15 34 33 4 15 72 79 5 4 5 42 3 36 60 1123 81 22 65 61 13 65 349 1132 90 30 57 448 53 239 568 598 379 49 585 54 33 56 948 93 33 4 47 36 27 28 469 55 42 11 44 8 8 6 82 29 19 5 21 20 37 20 214 60 42 4 26 4 6 4 22 6 3 1 0 0 8 2 24 60 49 2 32 4 2 3 65 41 28 6 18 19 26 12 118 409 576 50 531 36 40 35 463 25 18 3 18 26 45 24 207 29 37 6 42 5 8 3 40 30 42 7 32 35 172 46 358 683 617 25 315 52 62 35 233 32 23 0 12 27 26 23 134 1214 525 25 272 81 69 76 558 500 247 18 111 243 344 154 1159 2
78794 134 206 153 137 13 141 261 120 12 30 34 156 10 265 438 167 13 20 13 11 4 12 23 151 8 54 16 436 19 918 301 240 19 43 7 15 0 8 7 33 2 0 0 40 2 15 5 148 12 13 6 15 2 7 20 271 8 15 6 1012 26 337 118 167 14 20 4 17 2 17 24 15 1 2 1 9 4 5 22 13 4 3 0 2 1 1 3 16 0 0 1 22 1 25 16 154 9 12 8 10 0 3 10 26 3 0 0 27 2 3 17 258 18 4 13 14 1 11 115 423 21 7 10 354 24 119 207 126 136 33 251 13 16 25 372 27 15 2 7 12 7 12 237 14 9 1 10 0 4 0 22 15 7 3 4 6 18 4 111 32 60 2 8 1 1 0 6 1 0 1 1 1 0 2 8 22 22 0 3 1 2 0 8 11 9 2 11 13 12 6 58 135 449 39 887 7 18 14 309 12 10 1 9 2 11 5 108 13 21 3 23 3 3 2 19 12 16 2 19 19 86 11 174 274 1056 18 363 10 25 8 115 11 11 1 7 4 12 8 60 420 328 7 108 34 24 21 224 223 126 7 52 108 185 61 503 2
74994 161 304 186 160 37 219 1016 398 22 21 28 199 21 261 642 185 12 18 18 15 1 18 30 225 11 19 11 583 18 368 179 348 20 43 19 15 2 13 18 29 3 1 0 13 1 7 7 239 12 15 4 26 2 37 36 300 15 17 11 427 25 185 86 205 23 13 21 14 4 28 34 29 3 2 0 12 3 14 30 24 3 2 2 3 1 1 5 29 2 1 3 17 5 33 36 256 17 21 42 13 2 7 37 28 3 1 0 13 3 9 27 962 28 16 41 26 9 36 682 716 57 10 57 179 27 88 511 386 192 31 263 23 20 31 748 166 33 8 20 25 48 14 319 21 7 2 9 0 1 1 51 21 7 2 12 16 27 3 72 22 21 1 13 3 3 3 6 6 1 1 0 1 2 0 6 34 11 0 14 1 1 0 58 18 10 0 8 11 11 3 48 181 510 10 311 11 16 6 178 23 13 1 7 13 30 14 95 33 30 2 18 2 9 2 25 51 44 2 17 34 313 26 318 287 449 11 175 19 23 8 85 12 4 0 4 7 26 15 48 647 175 9 84 34 34 28 487 317 91 5 63 97 403 63 683 3
67495 282 429 250 265 33 313 1226 599 46 69 85 297 28 417 926 219 21 19 11 13 2 17 54 252 20 37 24 544 38 577 383 401 27 37 14 25 1 16 28 33 6 2 2 54 3 12 20 316 11 23 8 29 1 20 41 340 30 22 16 652 54 267 169 294 16 36 17 41 1 24 68 43 0 2 6 16 2 25 61 26 2 3 2 4 1 4 18 19 3 2 4 23 8 43 45 341 22 23 23 17 3 24 53 50 3 2 1 22 0 18 38 976 45 31 38 50 12 56 681 826 38 19 40 315 44 184 645 556 264 63 373 41 38 52 866 124 31 7 25 28 40 27 511 53 23 2 27 4 0 8 55 22 20 1 14 21 29 15 181 79 35 2 13 1 3 3 16 6 4 0 1 0 2 0 12 67 14 3 10 6 2 1 36 22 12 2 20 16 28 8 86 286 500 31 516 23 26 14 328 28 24 0 10 12 23 18 143 20 23 5 32 2 3 2 39 46 30 2 29 24 240 25 422 540 637 12 234 32 36 18 224 24 11 1 6 15 17 14 89 873 317 15 173 54 33 34 630 367 159 13 74 144 409 73 1111 3
74983 357 334 256 383 39 295 785 393 20 27 30 257 29 307 554 371 24 27 11 61 4 22 22 268 18 25 26 753 20 429 224 314 22 47 9 20 1 10 15 35 4 5 3 32 5 19 12 243 19 13 11 22 5 14 21 310 27 18 12 363 36 197 107 356 40 22 30 19 8 9 27 16 4 2 2 13 3 46 36 55 3 4 3 8 2 1 5 32 2 3 2 21 6 25 45 232 35 14 19 21 4 13 31 26 6 1 6 22 4 17 30 784 22 14 24 26 3 33 201 498 39 24 37 223 43 110 237 378 247 40 312 19 21 33 478 54 14 2 16 14 12 15 206 23 13 6 28 7 3 7 35 8 5 4 11 17 30 17 107 34 30 6 7 1 2 3 20 7 2 3 3 1 4 6 18 27 17 3 10 2 1 2 24 15 11 7 25 14 31 19 109 251 747 30 393 12 27 17 227 13 25 1 19 15 19 9 103 20 20 2 30 3 4 2 45 19 25 0 20 17 196 25 246 303 424 16 205 24 30 14 115 13 15 6 24 16 23 26 109 515 278 19 99 28 46 26 269 220 104 18 96 106 211 102 814 3
69016 280 345 331 214 43 319 899 473 38 54 38 323 26 461 970 267 19 22 15 24 3 22 45 326 13 38 27 534 16 574 367 360 28 52 20 24 3 19 41 29 5 5 1 25 1 19 22 304 11 24 20 21 6 23 44 405 26 6 15 520 35 235 179 214 24 22 24 20 4 20 39 39 3 3 0 15 3 29 50 23 1 3 4 4 1 2 15 35 3 6 3 27 4 31 43 289 20 13 15 17 2 18 41 31 6 2 3 11 4 14 43 865 45 26 43 35 7 40 651 748 47 20 35 303 43 171 502 453 334 43 489 33 41 47 1049 88 42 9 26 29 31 26 456 21 16 1 26 1 3 3 53 25 20 6 10 31 16 8 152 42 45 5 14 3 5 1 22 4 3 1 3 2 1 0 11 38 14 2 13 4 2 4 37 27 16 2 15 11 24 11 95 286 631 31 721 24 24 21 346 45 26 1 16 17 24 20 176 25 38 1 26 3 6 4 50 27 21 1 26 27 179 19 367 373 578 15 241 25 42 12 194 27 19 2 9 23 35 17 94 779 303 19 155 55 38 32 490 408 136 14 84 149 310 90 960 3
70116 133 455 249 158 27 227 982 453 40 50 41 249 28 342 716 144 12 18 19 26 4 14 52 221 12 24 28 539 39 485 285 493 28 115 35 26 3 28 33 48 4 8 4 33 2 23 16 220 17 27 14 27 3 33 51 366 18 23 12 548 38 346 192 130 17 26 16 10 1 19 51 43 1 1 6 13 1 20 45 17 3 2 2 2 2 4 21 23 3 5 2 40 11 23 53 261 30 38 37 10 2 10 56 36 4 1 6 16 0 12 40 768 33 32 58 43 20 52 486 633 29 15 29 289 45 152 617 420 198 42 306 30 33 48 777 163 31 10 26 41 51 28 503 40 11 1 16 1 2 2 51 40 12 2 7 29 58 12 162 42 31 9 23 1 2 5 14 3 2 0 0 2 3 2 22 45 20 1 5 6 4 4 36 33 13 3 7 18 28 20 91 207 484 35 514 11 42 16 262 29 34 2 22 13 39 18 194 24 49 3 30 5 14 3 45 59 55 3 38 49 264 23 400 344 627 19 305 17 30 13 170 25 20 0 10 8 32 9 109 624 280 23 164 36 39 35 535 517 200 26 98 201 473 107 1291 3
75094 185 261 219 226 47 230 1223 433 20 26 29 189 26 290 691 171 12 16 11 17 2 13 31 203 10 13 5 544 21 510 224 243 13 8 7 8 1 9 24 23 1 1 0 12 1 7 8 240 12 5 3 10 2 17 55 271 9 4 9 381 17 145 107 170 19 11 10 12 1 9 41 16 1 1 0 5 1 13 31 40 3 1 0 4 0 4 12 19 1 0 0 17 3 13 27 266 11 9 15 12 4 5 55 18 2 1 4 10 0 13 16 1213 44 21 50 49 11 54 682 712 17 10 11 241 19 99 506 413 216 25 278 19 22 18 689 174 18 7 7 16 29 19 318 18 12 1 8 1 1 1 24 19 5 1 10 7 15 8 127 19 14 0 7 0 0 1 11 4 2 0 0 0 0 0 4 21 12 1 6 1 1 5 16 13 3 1 7 3 14 9 39 195 572 12 458 9 35 11 236 19 14 1 7 7 25 3 105 24 10 0 14 2 4 0 29 20 17 2 19 24 224 12 240 265 376 13 142 11 17 11 110 12 6 1 4 3 11 3 28 739 260 16 96 21 26 16 445 338 107 8 48 74 261 45 603 3
80234 75 242 146 72 13 152 766 292 14 14 18 133 10 220 556 82 9 10 8 6 0 6 25 116 7 6 9 302 17 314 246 214 14 39 14 12 1 12 32 19 0 1 0 9 1 9 8 113 9 12 5 8 2 3 31 195 18 6 4 253 18 108 105 90 3 15 6 7 1 9 22 27 2 1 0 8 3 12 16 10 0 1 3 0 0 1 3 12 0 1 3 5 1 13 21 128 7 7 11 10 0 10 20 30 1 0 0 12 0 5 13 822 26 24 28 26 3 25 384 714 30 13 26 210 23 118 421 267 118 32 257 22 10 26 626 116 21 1 16 14 21 11 308 12 10 0 12 2 1 2 26 9 9 0 8 7 11 4 108 12 13 0 11 2 1 0 16 3 1 1 0 0 1 0 7 25 15 1 7 2 1 1 29 12 6 0 3 6 10 5 50 108 312 11 306 6 12 18 255 20 11 1 3 6 16 8 118 12 11 3 10 1 0 0 24 21 14 2 14 17 130 5 233 186 303 7 140 12 13 12 109 10 6 3 5 16 9 2 40 596 222 8 102 18 19 19 380 315 103 6 33 95 223 46 584 3
79947 83 152 138 101 8 153 534 328 33 31 38 143 14 230 520 85 10 18 9 5 0 10 33 136 15 16 14 264 11 251 246 161 10 24 9 20 1 17 20 38 3 2 1 32 3 6 7 122 8 12 8 14 3 12 34 225 29 10 15 402 23 147 138 101 6 14 13 19 0 14 30 28 1 0 0 21 1 10 39 8 2 1 4 1 0 1 4 19 2 2 0 16 1 19 21 119 10 8 11 16 3 8 46 40 3 0 0 22 0 11 26 602 24 20 31 23 5 30 253 635 54 6 32 254 22 146 345 320 136 27 273 29 13 23 679 68 16 3 17 10 11 14 212 25 25 2 20 3 1 3 58 17 10 1 13 10 20 10 116 31 25 0 13 1 0 0 13 1 1 0 0 3 0 1 6 41 19 0 15 2 1 2 39 13 8 0 19 4 13 4 62 141 276 40 386 12 18 16 269 13 7 0 11 7 21 11 110 14 14 2 31 0 4 1 37 13 23 3 17 24 81 13 197 256 335 7 121 23 25 15 142 18 13 2 2 8 15 4 63 618 226 21 151 28 37 22 401 229 131 4 60 104 168 48 550 3
74630 114 385 226 119 15 234 845 328 15 16 15 154 14 283 553 107 1 17 19 12 0 10 29 160 7 16 6 685 21 581 212 338 13 54 15 13 1 16 21 23 0 3 0 26 0 8 11 174 10 20 10 8 5 18 32 273 12 12 5 747 33 170 80 105 9 14 10 5 2 9 23 20 3 1 2 9 0 8 20 18 0 2 1 1 0 4 8 13 3 1 2 13 3 29 24 173 12 17 11 15 1 8 27 26 1 0 3 8 1 8 22 726 29 29 33 35 6 36 510 643 44 10 33 194 33 97 465 342 186 20 334 32 15 31 729 120 14 3 19 13 27 19 330 14 6 0 19 0 1 2 35 25 9 0 9 17 21 8 122 21 21 1 13 0 1 0 10 3 0 1 1 1 0 0 15 18 11 1 5 2 2 1 40 13 6 1 10 9 31 4 62 155 644 23 838 9 25 12 233 29 7 1 6 7 31 6 120 9 23 3 35 1 4 0 31 27 19 0 27 18 468 42 544 252 467 5 200 11 35 10 103 15 3 1 2 4 39 8 58 543 200 9 95 30 23 23 475 337 133 9 59 110 482 50 904 3
78661 84 174 166 103 16 156 910 326 13 19 16 173 12 297 747 88 9 9 15 11 1 17 32 152 16 18 16 292 11 365 236 187 19 16 7 7 0 8 22 26 1 0 1 15 5 4 7 184 15 10 10 13 3 14 36 296 17 8 10 283 18 130 143 115 8 18 8 8 0 6 32 19 1 0 0 12 0 14 16 21 0 1 3 1 1 2 6 13 2 3 2 20 2 21 31 191 9 12 8 9 3 9 38 26 0 2 1 16 0 6 15 907 29 11 29 23 4 34 343 895 34 18 14 260 28 125 396 238 164 15 238 14 15 24 722 80 24 4 4 21 22 10 324 14 6 0 13 0 0 4 24 24 10 1 7 6 19 5 103 24 19 0 7 0 2 1 4 4 2 0 1 1 0 2 6 10 14 1 10 2 3 2 12 9 7 2 7 4 17 1 51 125 312 9 324 9 18 18 198 25 9 1 9 11 21 8 96 17 22 0 28 3 1 0 20 19 19 1 13 20 69 16 190 355 448 9 125 15 16 5 128 12 9 1 7 5 20 7 44 719 245 8 111 23 16 19 310 340 91 9 35 99 187 51 479 3
70571 188 470 293 195 50 375 1532 502 20 26 21 240 21 400 785 138 5 16 5 11 5 10 48 191 12 16 5 643 21 578 393 266 10 52 14 10 2 15 29 19 0 3 2 9 1 7 9 281 6 16 10 14 0 30 65 380 7 7 10 529 18 213 150 138 15 10 6 6 3 6 34 22 1 2 0 10 1 13 24 32 1 0 4 1 1 1 15 20 1 2 2 28 3 11 18 295 19 20 23 2 1 4 55 24 2 0 0 12 0 8 22 1486 45 18 58 32 12 42 652 948 20 4 24 273 22 123 615 468 212 21 471 17 29 25 1022 200 31 6 19 35 51 11 472 15 7 2 7 1 1 1 18 28 6 2 6 13 21 2 139 30 17 2 11 2 0 0 10 3 0 0 0 2 6 2 5 22 10 0 3 0 3 2 18 10 8 0 2 7 6 2 36 229 652 11 565 6 22 3 338 29 24 0 8 4 33 3 150 14 21 1 12 1 3 1 21 32 33 3 7 20 248 10 346 373 485 13 239 8 20 6 138 17 4 0 3 3 19 3 32 698 264 6 114 20 23 19 532 398 129 5 23 127 386 38 681 3
83675 104 123 149 117 19 174 1036 264 25 12 21 97 9 138 617 66 4 4 4 3 0 5 20 84 3 9 10 84 6 98 111 68 6 11 3 6 0 7 10 21 3 1 1 10 1 2 8 92 3 1 4 3 1 6 26 145 8 4 4 109 11 47 50 57 7 8 8 2 4 8 19 23 1 1 0 6 1 7 28 11 0 1 0 1 0 0 4 15 1 0 0 5 0 15 10 77 3 1 9 3 0 6 30 15 4 0 3 12 0 4 19 834 26 14 32 28 7 31 608 571 30 10 31 108 13 54 432 313 96 21 158 18 10 26 585 129 11 4 10 17 22 5 285 22 3 1 7 2 1 3 22 13 4 0 7 9 7 4 65 10 8 3 2 0 0 1 4 2 2 0 0 0 3 0 2 23 10 0 5 3 1 1 20 15 4 1 7 1 6 4 29 84 131 5 117 7 5 9 125 14 10 1 2 8 7 3 54 10 5 0 13 2 0 0 11 18 9 0 4 7 87 5 101 128 130 5 45 4 9 2 59 7 4 0 2 9 4 2 31 473 104 4 51 39 12 23 439 250 63 4 23 55 103 38 472 3
89128 50 42 65 51 11 59 199 98 16 9 12 64 13 112 329 46 12 6 5 6 2 9 21 64 15 8 16 85 7 92 98 23 10 3 4 8 2 3 9 10 2 2 0 10 1 7 9 63 9 4 8 10 2 5 17 107 5 8 6 96 10 73 72 42 8 7 8 7 2 9 17 9 2 0 3 5 1 17 22 11 1 1 3 1 0 1 2 7 1 1 0 8 3 13 16 55 8 2 8 11 3 1 15 14 2 0 2 3 1 7 29 229 15 8 18 18 7 12 45 383 28 10 19 125 23 68 170 90 58 11 92 13 11 21 211 22 4 1 6 5 5 7 142 11 9 2 7 2 2 2 29 5 2 0 5 6 7 8 58 9 9 0 10 3 1 0 11 1 0 0 2 0 2 0 5 18 8 1 5 6 1 1 18 8 7 2 11 5 4 5 55 52 66 5 87 9 8 7 114 5 3 0 9 5 8 8 49 7 10 2 15 1 1 0 13 5 8 1 10 6 7 11 65 99 92 6 64 5 14 6 68 1 1 1 10 9 7 4 68 304 100 10 73 22 10 27 140 148 54 7 36 66 58 49 383 4
81451 127 138 147 125 27 136 283 156 22 30 30 152 21 220 444 103 18 15 14 25 5 16 26 138 18 27 21 187 27 255 206 132 22 11 16 13 3 15 11 24 3 4 2 29 5 14 14 145 13 9 8 26 6 16 21 252 25 15 17 343 36 139 127 128 43 22 23 18 7 12 33 20 7 6 6 22 3 26 45 31 3 3 4 5 2 5 4 18 1 4 6 23 5 34 36 132 25 5 16 16 4 12 25 32 8 2 6 19 2 13 44 309 33 8 21 26 13 26 77 429 51 15 38 191 39 97 204 171 156 34 252 31 18 30 448 21 10 1 15 11 14 17 223 20 11 4 30 3 2 7 34 8 7 4 16 11 12 14 119 31 20 3 11 7 3 1 20 2 2 0 7 3 3 1 31 34 19 2 14 5 3 5 45 18 16 1 30 13 26 17 108 152 202 33 317 17 27 12 236 17 6 1 16 11 20 16 115 18 31 6 49 2 4 5 50 15 18 3 37 14 44 23 143 278 283 18 158 32 41 14 131 22 12 2 21 24 31 23 110 436 233 24 103 44 45 36 192 194 111 17 120 114 158 104 801 4
85115 66 89 100 97 20 105 306 126 21 17 23 87 29 194 371 85 6 11 12 19 6 15 19 104 20 10 16 159 18 176 162 94 15 6 9 10 1 11 10 24 1 2 4 20 0 13 14 106 13 7 8 16 3 10 13 270 22 9 10 293 27 95 85 86 17 8 13 9 6 11 22 16 2 2 2 11 1 15 39 16 0 3 3 6 1 2 5 21 1 0 1 16 4 28 24 107 9 9 11 15 1 9 10 22 4 0 4 12 2 14 20 331 28 13 22 18 3 19 62 421 31 8 21 208 22 104 133 131 99 19 224 15 17 17 442 11 8 2 8 5 9 7 189 21 10 2 22 2 2 6 46 9 4 1 9 2 6 14 91 17 12 0 9 6 1 0 6 1 2 1 2 1 3 1 6 16 11 0 11 4 2 3 33 15 13 1 22 9 16 12 81 101 157 21 245 10 21 9 175 7 7 3 14 7 10 7 83 14 24 2 23 7 4 4 20 9 13 1 28 9 15 17 91 168 179 6 114 19 17 12 93 8 6 0 8 8 22 15 77 393 144 4 82 32 33 28 143 181 82 10 85 77 90 84 462 4
78056 121 165 164 103 24 171 354 211 18 31 30 175 13 358 524 119 16 21 13 23 8 16 33 177 13 32 15 333 26 528 220 171 21 14 9 21 2 9 10 22 5 2 1 28 3 20 12 155 10 18 8 18 3 25 21 401 32 9 21 570 49 198 137 130 21 24 23 10 0 11 31 27 3 3 3 19 3 23 38 23 5 2 7 5 1 6 8 21 2 2 5 29 7 54 29 188 18 15 16 10 1 9 29 25 10 4 4 22 2 19 42 413 29 12 24 22 10 20 88 527 51 13 39 261 30 127 269 196 178 30 408 25 29 32 527 24 11 2 23 7 17 16 201 18 16 3 34 1 3 8 49 7 8 2 19 10 17 13 130 32 35 0 14 5 5 1 13 2 2 0 1 2 3 3 14 24 20 2 14 4 0 5 43 27 18 3 20 17 28 14 121 172 316 24 597 12 34 24 284 7 12 2 12 10 28 20 122 17 35 2 52 3 3 1 42 18 29 6 32 30 66 30 239 346 535 9 202 38 42 12 140 20 14 2 14 11 33 14 128 518 243 14 160 41 53 42 242 218 128 16 129 112 217 115 811 4
83494 75 166 119 81 13 103 262 111 7 12 4 113 12 179 348 108 14 16 10 16 3 15 13 128 6 14 1 441 27 458 131 208 13 24 6 20 1 7 6 17 0 1 1 12 0 10 9 128 3 10 10 15 2 10 12 212 9 14 7 503 31 200 65 83 16 19 19 9 1 15 20 8 1 2 0 10 1 11 16 19 2 0 1 6 0 2 5 18 2 1 2 21 10 28 15 124 10 9 8 7 3 6 17 12 1 1 0 14 2 10 15 301 26 5 20 22 3 22 75 285 23 10 22 158 17 71 162 118 116 21 184 5 9 10 297 19 8 2 2 6 6 10 133 14 7 1 7 1 0 1 20 11 3 0 10 5 26 9 78 15 13 1 4 0 4 1 4 2 2 0 0 0 1 1 9 18 8 0 4 3 1 1 22 9 6 1 8 7 22 5 43 129 502 18 597 8 23 8 128 5 11 2 6 3 21 9 62 12 27 2 39 2 3 1 23 13 26 2 15 27 135 24 192 230 561 7 209 11 24 4 70 6 15 0 8 13 17 6 44 359 168 7 78 18 12 19 150 180 90 10 55 94 229 65 438 4
76629 154 168 184 139 27 169 335 196 17 18 30 159 18 382 508 131 26 22 20 25 6 22 31 180 19 23 20 491 46 621 271 186 22 26 9 27 4 11 12 29 1 0 2 25 2 18 13 175 17 7 18 22 4 22 28 357 32 17 16 585 57 264 137 136 36 25 30 30 4 25 38 25 3 6 5 16 3 37 52 20 6 1 4 6 2 3 7 22 3 3 2 51 8 49 42 165 24 15 19 12 5 12 22 31 6 1 5 16 6 20 52 354 34 9 25 29 9 23 83 542 51 10 32 229 30 147 229 196 200 42 351 15 23 24 452 22 10 2 23 13 15 19 188 14 24 1 46 1 3 3 48 13 13 0 13 12 25 20 138 34 43 1 31 2 2 3 14 1 1 0 3 5 6 2 18 35 26 2 17 5 4 1 29 11 14 3 44 25 40 17 140 194 463 35 642 21 51 16 269 9 13 3 23 10 22 21 150 21 38 3 68 5 12 1 47 11 41 3 46 25 129 38 259 422 573 17 269 43 64 18 146 13 17 3 16 21 42 47 159 502 254 14 147 61 36 37 215 186 141 17 151 133 250 166 920 4
84986 98 105 91 78 14 79 233 122 20 17 16 113 15 181 280 84 10 9 9 14 2 15 12 92 7 6 5 224 18 263 142 100 7 10 6 7 1 7 7 16 2 2 1 11 2 3 13 107 11 7 5 15 1 13 27 205 12 5 12 263 33 153 87 80 14 9 20 5 0 7 14 8 7 2 11 12 1 22 51 19 0 2 0 2 1 1 4 16 1 4 3 17 3 32 26 115 12 9 10 11 2 3 27 20 5 1 3 5 6 14 32 284 28 4 23 24 3 20 77 334 37 13 34 144 21 83 189 146 103 12 199 13 9 14 296 14 7 4 15 11 8 15 115 13 10 4 20 3 2 7 34 12 2 2 6 7 8 9 75 17 16 1 9 2 0 0 6 0 2 0 0 2 0 1 9 24 5 1 13 2 2 4 37 8 8 4 15 11 18 13 84 119 219 10 257 12 18 5 140 7 3 2 8 5 15 5 90 15 15 3 22 5 7 0 26 19 11 0 28 16 62 22 124 218 264 9 133 14 26 11 88 12 10 1 6 15 28 13 82 384 144 9 114 43 30 43 179 182 100 11 86 98 139 88 639 4
83484 81 155 119 106 15 120 241 164 19 20 26 121 19 194 318 76 5 12 8 16 0 16 26 115 9 16 12 298 29 363 183 135 20 22 6 18 3 8 8 15 3 3 0 19 3 14 12 112 8 7 9 24 2 11 13 199 13 11 9 436 41 206 92 83 11 19 16 12 2 13 15 13 3 3 2 7 2 13 39 14 4 5 3 2 1 1 3 12 3 0 2 29 2 36 32 109 16 9 16 15 5 10 18 19 5 1 1 15 4 11 18 241 24 15 28 19 7 15 78 341 31 12 24 167 30 97 193 154 97 19 207 18 14 18 319 15 8 1 13 10 11 16 143 18 13 4 19 5 1 4 40 19 3 2 14 7 17 11 106 11 23 1 5 3 5 0 11 4 0 0 3 1 1 3 10 15 9 0 8 1 3 1 22 11 14 2 15 9 29 9 85 116 264 13 336 8 18 11 171 11 11 3 19 9 14 13 97 18 20 5 32 5 6 7 39 10 16 4 26 10 81 29 204 181 325 6 179 20 40 15 120 13 10 1 10 8 21 7 96 341 175 10 94 25 32 21 195 188 95 12 89 93 195 80 669 4
88778 41 103 64 42 7 68 90 50 3 7 11 68 12 125 133 33 9 7 7 11 1 9 14 52 8 12 8 189 19 261 117 103 7 23 6 8 1 12 7 8 1 0 2 16 1 6 4 43 8 9 0 12 5 4 6 105 7 11 6 296 35 140 47 48 13 9 10 8 2 5 15 6 0 0 0 6 1 9 13 13 3 1 1 2 1 1 2 5 1 2 2 14 5 21 20 62 10 9 5 6 3 2 8 4 2 0 0 8 3 14 14 74 12 5 4 7 2 6 17 127 7 6 9 89 21 29 62 52 86 7 156 8 5 6 153 4 3 0 6 7 7 3 72 5 4 2 14 2 1 1 17 3 5 0 10 8 20 9 60 7 15 1 10 2 3 0 2 1 1 0 2 2 3 0 11 6 10 1 7 1 1 0 12 5 9 0 8 6 26 7 71 71 225 20 328 8 26 10 120 1 7 0 12 2 21 12 69 5 18 1 26 1 5 2 25 10 17 2 20 15 82 14 154 132 253 12 153 16 33 5 60 7 8 1 10 8 33 8 59 106 126 6 55 15 14 6 68 58 45 6 60 55 133 44 462 4
88589 38 88 69 40 7 81 124 68 4 10 11 54 8 93 157 34 5 7 5 11 3 8 13 60 7 14 2 202 24 177 91 122 11 17 6 11 2 11 7 7 0 1 2 6 0 5 5 65 9 8 5 8 2 9 11 123 6 12 11 331 34 139 50 32 5 8 11 1 4 7 9 8 1 0 3 8 0 14 11 7 6 0 1 1 1 2 4 8 0 2 0 15 9 21 9 74 13 10 11 12 1 7 10 3 1 1 0 7 3 4 13 142 11 7 9 16 3 7 46 132 11 5 13 107 14 44 97 78 68 8 106 9 11 7 142 8 5 2 3 0 10 6 87 11 3 0 15 0 2 0 11 7 4 1 7 9 17 5 66 12 9 0 7 2 2 0 8 1 1 0 2 0 0 2 9 5 4 1 8 0 1 0 7 5 11 1 18 5 23 6 49 65 229 12 251 10 17 9 88 7 6 1 5 3 16 9 65 12 20 0 20 2 5 1 18 5 31 0 21 17 97 19 163 112 256 9 148 13 26 4 54 3 5 1 8 9 23 9 53 161 94 2 64 14 13 7 103 91 87 7 35 70 232 57 433 4
88912 50 85 70 46 10 60 152 66 5 12 5 54 6 97 187 32 9 8 9 5 1 11 14 58 6 6 2 164 23 185 70 101 7 15 6 9 1 5 11 5 1 1 2 8 0 7 5 75 7 9 4 10 2 8 10 136 12 6 8 226 27 119 57 37 6 11 9 8 1 3 17 4 2 2 1 9 2 13 18 6 0 1 1 0 0 1 3 10 2 1 2 8 6 17 10 75 7 3 5 7 2 5 11 11 0 0 3 12 3 2 12 171 13 6 12 19 2 8 49 186 20 5 10 99 11 47 92 78 65 8 114 7 8 11 151 9 7 1 6 4 6 4 96 12 6 0 12 2 0 2 12 8 4 0 7 8 15 3 56 9 5 1 7 0 0 0 7 3 1 0 0 1 3 0 11 7 4 0 8 1 0 1 9 4 9 1 7 8 18 3 45 73 159 14 202 4 21 8 90 5 8 0 10 2 17 4 65 11 14 2 27 1 4 0 16 6 12 0 18 17 93 20 142 146 202 8 113 17 33 8 58 4 8 0 4 3 22 14 47 206 106 6 46 19 12 15 100 96 65 3 57 52 186 45 416 4
83002 81 90 122 84 18 125 241 215 28 24 28 109 18 193 379 90 10 21 13 8 4 13 40 113 13 25 19 165 24 287 222 83 14 12 20 17 3 11 15 17 0 2 0 23 3 12 12 118 13 4 7 27 2 8 22 188 22 15 17 264 32 150 125 90 17 18 19 6 4 9 27 27 2 1 3 12 3 27 42 12 2 6 2 8 3 3 10 27 4 5 4 22 3 30 34 102 18 7 10 9 5 8 27 25 4 2 5 16 4 16 36 261 32 20 37 19 9 30 94 359 42 14 36 221 36 114 271 205 99 13 199 27 17 41 400 24 9 3 18 18 16 19 186 19 12 0 26 2 3 6 57 11 8 2 12 12 13 9 111 19 20 1 15 3 3 1 8 0 1 1 4 2 0 2 17 34 14 4 21 3 1 2 39 15 9 1 17 9 22 13 93 115 169 17 229 9 23 16 234 11 10 4 14 13 23 14 110 16 31 5 22 7 5 2 33 14 9 4 19 21 41 19 150 188 233 12 143 22 32 16 128 22 10 2 9 16 20 14 75 429 208 19 112 43 39 40 288 193 102 21 103 121 152 116 735 4
