82131 134 215 101 145 22 117 283 172 23 20 28 118 15 148 382 107 16 27 8 23 8 11 19 96 6 42 6 329 23 645 154 199 24 36 8 36 6 7 12 27 2 2 3 42 5 16 14 113 7 10 6 9 1 13 17 149 14 10 5 654 33 230 96 125 13 35 16 10 5 12 15 19 0 1 1 7 2 5 24 14 3 6 2 1 3 4 1 12 4 5 2 20 10 31 19 97 16 12 14 10 2 4 9 25 4 0 1 13 1 5 18 205 18 9 16 21 3 12 59 377 20 7 19 187 22 87 154 176 103 19 153 16 14 32 425 39 8 2 17 11 10 9 192 13 8 1 14 1 2 4 26 7 7 2 13 12 14 10 83 23 46 6 15 0 6 5 9 0 1 1 2 2 0 4 10 24 16 1 7 2 0 1 18 5 9 2 9 11 31 11 75 99 314 39 566 9 19 6 168 9 4 0 6 3 23 6 107 13 29 8 43 2 6 4 18 16 17 5 28 20 121 29 243 164 668 13 233 5 41 11 90 11 17 0 19 11 26 9 60 336 174 6 83 17 23 12 159 158 98 14 88 80 221 67 573 0
82338 146 214 114 145 15 124 161 154 17 28 31 126 6 202 380 164 24 34 12 19 2 12 12 111 11 36 17 378 23 716 190 191 38 31 8 34 3 6 8 16 1 2 3 44 5 17 7 133 13 13 5 17 1 12 6 148 10 16 11 586 44 216 67 149 23 32 16 16 5 16 19 12 5 2 5 11 3 18 23 17 5 5 2 5 1 2 2 12 4 5 6 31 5 45 16 114 18 9 8 11 2 5 14 26 0 1 1 7 5 8 12 155 10 6 3 13 1 10 46 231 19 9 16 161 22 78 102 142 104 20 179 19 9 20 264 21 4 2 6 5 5 14 110 23 11 2 11 2 2 3 21 6 5 1 7 6 21 9 82 29 47 2 12 1 5 1 7 3 1 0 2 1 3 0 15 34 21 1 16 2 2 5 12 14 9 2 10 15 41 17 73 116 372 43 670 14 27 14 188 8 5 1 14 0 15 13 93 7 22 11 54 3 1 2 20 11 16 5 58 21 94 28 204 191 641 14 242 14 50 19 84 11 8 6 14 18 39 20 83 333 170 7 83 25 32 16 98 112 106 9 85 98 204 80 600 0
84882 133 178 109 153 8 104 180 125 16 18 14 135 7 172 232 148 5 25 6 26 1 14 20 137 6 35 8 389 17 399 106 194 23 38 7 15 3 15 7 17 2 2 1 17 9 9 11 89 4 12 6 22 3 11 11 170 10 14 7 415 31 213 75 148 20 18 18 8 3 8 7 11 4 0 3 10 0 10 25 12 2 6 1 0 0 1 3 9 0 3 1 30 2 37 18 94 11 16 13 3 2 6 5 16 3 0 2 6 5 3 15 153 10 8 10 14 2 10 39 180 16 3 10 132 24 67 90 129 115 12 170 9 12 14 180 15 4 1 6 3 8 11 81 14 8 1 9 1 1 3 26 5 4 1 8 6 27 7 59 16 26 2 8 4 2 0 6 0 0 0 3 1 4 0 11 26 12 1 10 3 4 1 16 8 9 0 6 19 32 14 68 134 375 33 393 7 16 10 136 4 15 1 8 3 20 6 69 15 16 1 33 2 7 2 16 8 18 1 36 13 152 23 229 170 411 8 198 10 36 10 67 4 15 0 9 11 34 11 71 180 136 8 79 21 23 8 130 82 83 12 60 74 245 75 514 0
82854 129 177 125 139 18 145 228 140 11 37 22 147 8 222 233 116 11 23 16 32 3 20 17 135 10 20 13 474 44 655 146 153 15 24 16 22 4 8 6 20 1 0 1 31 1 11 11 89 15 10 8 16 1 12 14 177 17 13 9 521 55 264 94 115 20 21 27 7 3 10 22 11 3 2 3 5 3 15 21 20 2 3 2 3 0 3 2 5 4 0 1 20 3 48 28 84 18 11 9 8 1 9 16 20 5 1 2 3 2 8 19 168 20 9 13 18 3 12 51 240 20 6 14 115 26 75 130 142 126 23 286 18 15 29 282 26 4 4 12 10 6 11 111 16 5 0 13 0 4 5 32 13 13 3 12 11 22 15 81 20 28 2 17 4 1 2 14 3 1 0 1 2 5 2 9 14 8 1 9 3 4 1 22 12 7 2 19 9 39 13 76 135 423 28 539 5 27 9 138 6 13 0 15 7 22 11 83 14 34 2 44 2 6 1 25 3 18 3 36 19 137 46 222 192 632 8 212 16 50 7 99 11 9 2 5 11 34 18 76 226 115 8 82 27 22 23 116 87 63 9 62 67 234 76 567 0
83042 165 189 127 180 13 103 171 84 2 8 7 138 8 204 200 133 7 25 5 25 1 13 8 117 7 51 9 553 16 740 144 199 21 27 10 28 3 9 1 13 2 2 0 38 2 15 7 86 5 7 0 22 1 5 7 136 11 12 8 812 45 192 55 149 27 39 16 16 1 11 7 8 1 0 2 5 0 10 15 14 1 4 2 1 0 2 2 6 0 1 0 21 6 55 12 97 17 9 6 9 0 5 8 20 0 0 1 7 1 5 12 166 5 0 7 7 3 11 28 177 15 4 17 130 17 56 63 100 164 17 201 7 11 14 232 9 5 0 4 5 3 7 78 1 5 0 8 1 2 1 17 2 2 0 5 6 14 8 60 19 31 3 11 1 4 1 3 1 0 1 0 2 2 2 4 15 11 0 7 1 0 1 10 10 9 1 7 7 35 13 49 139 591 49 873 3 26 11 120 4 7 0 11 3 16 3 58 8 24 4 48 3 3 1 16 6 15 2 39 12 88 31 163 197 1075 20 199 14 33 7 49 5 13 1 7 6 32 8 67 223 159 6 51 14 13 10 65 70 86 4 61 76 208 65 432 0
84123 108 104 91 89 18 86 549 213 22 23 32 84 18 139 636 116 7 8 5 20 1 15 16 101 11 11 5 186 8 232 107 135 15 23 5 12 1 9 8 20 3 2 2 10 2 5 11 85 8 6 7 16 5 8 24 172 12 7 8 217 11 98 53 100 25 11 11 2 1 5 26 21 4 5 3 10 4 17 44 24 1 3 0 3 1 0 7 19 2 5 2 18 4 24 14 99 13 7 12 6 1 3 18 28 4 1 4 10 3 10 43 571 20 14 20 24 9 33 167 565 36 12 36 112 16 67 261 206 107 17 133 21 17 22 488 59 10 3 12 11 9 5 244 27 10 3 6 2 1 1 39 17 4 0 8 6 3 5 64 23 18 3 7 2 3 1 7 4 2 0 4 2 3 3 9 34 7 2 4 4 3 3 30 15 7 1 6 7 7 6 52 97 198 14 159 5 12 8 82 9 4 0 7 3 12 6 60 23 11 2 15 2 2 2 19 13 12 1 9 13 53 8 74 133 243 11 101 10 20 9 60 13 3 0 6 5 14 10 56 579 102 7 61 52 14 37 247 264 58 12 66 74 95 57 498 0
83815 154 204 153 115 22 103 247 102 22 25 20 118 15 153 233 130 12 29 9 25 5 16 21 130 10 38 7 446 33 432 137 209 18 64 12 23 3 10 7 24 2 0 0 28 0 11 10 132 13 9 8 20 1 17 12 169 14 9 2 502 26 166 54 135 34 27 15 20 5 13 16 14 1 5 4 11 2 21 26 28 2 1 5 8 2 0 2 12 5 1 1 29 5 32 24 110 14 12 12 8 2 4 15 25 5 2 1 13 2 6 8 212 13 7 12 15 6 11 46 224 17 6 10 146 25 56 85 133 152 15 163 17 16 15 292 21 6 1 8 12 10 6 133 22 11 2 19 0 3 1 11 9 8 1 7 9 25 11 80 20 31 4 13 3 1 1 10 1 3 0 0 0 0 1 7 19 12 0 9 1 3 3 16 11 6 1 9 11 24 10 53 149 528 37 443 13 29 13 170 8 7 1 12 6 13 6 86 9 33 2 34 6 5 0 12 12 26 2 24 24 149 20 203 171 515 14 196 8 37 8 66 10 12 3 12 3 35 13 63 240 144 7 67 15 19 14 81 91 68 9 71 68 202 57 421 0
83820 101 95 113 112 27 114 704 231 13 26 19 124 21 158 601 104 7 15 4 31 1 16 31 104 4 12 8 162 16 211 105 87 10 25 5 6 1 6 10 24 2 4 3 15 0 9 7 122 13 3 4 10 2 7 18 161 7 9 7 211 10 93 55 99 24 11 11 6 5 2 31 14 4 1 4 8 2 14 28 37 4 1 2 4 2 3 5 14 3 2 3 22 2 23 18 99 13 2 9 8 4 3 20 13 0 2 2 5 2 8 31 618 31 9 26 31 6 24 186 608 40 9 33 89 20 68 251 185 83 20 118 13 20 26 700 80 8 6 15 12 2 19 335 20 6 0 7 0 0 4 27 14 6 1 2 8 11 4 51 12 13 0 10 2 3 1 15 6 1 0 2 1 0 1 13 27 5 2 4 2 1 3 25 14 5 2 7 5 9 12 59 67 165 12 170 8 20 2 87 14 5 1 7 4 10 5 58 14 14 2 23 1 1 2 22 9 9 1 14 15 47 12 96 132 185 5 118 7 18 5 58 15 9 6 9 4 9 6 48 609 82 9 52 23 18 30 235 294 45 9 43 55 99 63 499 0
84423 150 257 118 142 20 122 230 94 10 14 12 128 16 196 223 125 5 36 8 22 4 14 12 112 3 27 7 506 24 590 103 242 25 70 13 28 4 9 3 19 0 3 0 30 4 11 3 122 9 11 2 15 0 7 8 172 12 12 10 450 28 193 41 127 22 34 14 9 2 7 13 10 0 2 4 5 1 8 13 25 3 5 0 2 0 2 1 8 2 2 3 31 8 38 17 141 10 8 6 8 1 3 11 9 2 1 0 6 2 6 9 188 13 7 12 9 2 8 39 186 13 3 10 100 15 42 62 91 111 12 156 11 9 10 200 20 3 0 3 2 8 9 93 7 5 2 10 1 1 3 14 0 7 3 8 5 27 8 65 14 32 2 12 0 6 0 6 2 0 0 1 3 2 1 3 9 8 1 10 1 0 1 9 4 5 3 2 7 28 6 48 139 558 23 478 4 29 7 91 7 0 3 7 8 20 10 52 8 28 7 45 2 3 3 15 11 20 7 44 26 237 29 305 164 483 3 205 7 31 4 42 3 10 1 4 7 27 6 56 165 100 3 37 17 13 9 71 66 55 3 48 55 250 58 498 0
83840 133 212 113 119 26 102 261 116 12 21 25 131 11 152 259 142 17 29 9 23 7 12 17 137 13 37 12 453 20 487 136 209 36 53 16 25 3 8 2 17 1 4 0 31 1 12 9 132 9 9 3 14 3 16 15 179 13 10 4 530 22 173 50 145 34 36 21 17 8 9 18 17 1 1 2 9 1 15 23 22 4 3 3 6 1 3 0 12 3 4 0 27 8 35 13 119 20 9 15 12 2 4 10 20 0 1 2 5 3 7 12 249 11 8 8 11 4 12 55 212 18 7 9 131 18 56 81 134 126 12 150 15 15 18 291 15 13 0 10 10 6 6 127 11 10 1 13 2 4 2 10 6 6 0 6 12 23 5 68 24 34 2 11 3 5 0 9 1 1 0 2 2 2 0 5 17 14 0 3 3 2 2 10 6 11 2 12 9 15 7 44 145 567 33 471 7 28 11 149 8 11 1 10 5 21 13 64 20 42 4 32 5 3 1 8 9 13 3 27 22 141 22 206 192 525 16 165 13 32 6 55 10 9 5 11 12 32 10 48 230 127 9 53 10 25 7 92 115 80 10 54 74 218 53 406 0
81721 139 241 121 116 13 120 144 129 9 16 21 122 8 174 261 134 7 28 8 28 3 11 17 125 3 40 9 514 30 898 159 253 40 34 10 41 1 5 9 18 3 2 1 44 2 11 6 108 13 12 2 13 0 9 10 204 18 14 10 887 52 230 73 150 22 28 19 13 2 10 19 10 2 1 1 7 2 12 16 11 1 4 1 2 1 2 3 16 2 4 0 23 6 51 18 113 17 11 11 7 6 1 14 14 0 2 1 13 2 4 14 137 10 5 11 8 2 14 50 228 22 8 10 170 21 81 117 127 115 16 191 13 3 12 262 25 3 1 9 9 8 6 90 12 9 0 12 1 1 1 21 1 10 1 8 17 20 11 77 15 38 2 8 1 1 2 8 0 0 0 0 0 4 1 7 14 12 0 10 2 0 2 9 6 9 0 14 14 49 9 68 141 498 54 963 6 30 7 186 3 13 0 11 8 22 7 96 12 18 5 56 2 8 0 25 9 13 3 28 17 131 43 267 189 785 12 257 13 52 8 70 4 14 4 7 14 36 11 58 236 147 4 82 20 20 12 135 91 98 3 79 75 232 57 525 0
82474 160 246 107 153 21 95 147 164 21 22 26 121 10 220 225 170 15 26 14 36 2 18 16 123 9 38 11 483 22 622 161 200 25 45 9 17 5 8 4 27 2 2 0 30 8 13 10 106 8 8 7 14 2 10 9 184 16 14 13 574 54 252 63 169 40 27 20 15 2 10 15 18 3 6 1 10 2 20 21 19 3 4 4 1 0 3 6 10 1 7 4 21 7 50 23 110 14 5 9 14 2 7 10 31 4 4 4 9 2 9 27 188 25 9 11 18 0 7 37 271 24 4 20 152 29 77 130 158 138 18 138 19 18 26 228 19 8 5 10 14 11 10 111 11 13 6 16 2 4 9 33 8 8 1 8 9 11 13 67 40 33 4 8 3 3 1 14 1 2 1 2 2 5 4 15 26 11 2 10 6 1 6 20 10 18 5 19 11 42 17 94 121 386 25 630 8 17 15 141 5 10 3 14 2 20 12 70 10 20 6 60 4 3 3 20 11 13 6 38 22 107 51 234 207 659 14 224 24 49 9 77 11 11 2 11 9 32 23 65 230 160 11 60 26 19 17 126 104 59 10 70 76 252 78 596 0
79967 254 255 137 240 26 151 263 206 27 24 33 189 11 243 335 268 19 39 10 42 2 19 18 183 7 41 17 731 17 581 81 257 35 48 8 28 3 6 12 23 5 4 4 37 8 11 12 161 10 8 7 23 5 8 14 215 15 16 8 495 36 196 72 276 35 25 16 14 0 11 26 21 4 7 8 9 3 12 28 38 4 7 6 4 0 8 8 15 2 2 5 21 5 40 25 171 26 14 17 11 4 6 18 22 4 3 8 6 8 8 30 551 19 10 8 23 5 18 80 315 23 13 28 89 21 73 145 208 204 28 229 20 12 20 259 33 9 6 15 7 13 17 115 29 9 6 18 4 2 2 32 12 4 2 13 5 16 12 61 19 41 2 20 8 8 6 11 9 3 1 7 1 5 4 14 24 11 4 8 7 11 4 24 20 8 1 10 16 44 13 76 165 737 38 664 9 20 8 94 8 6 5 20 5 16 10 73 17 28 8 31 3 4 5 24 4 23 3 37 20 170 34 244 214 475 17 192 19 37 9 65 7 7 0 13 9 27 13 80 403 84 8 51 37 18 28 136 143 52 17 71 63 254 82 802 0
82453 142 257 132 167 14 111 216 165 11 21 26 133 9 201 281 174 11 36 11 26 0 23 11 132 7 32 9 412 26 575 127 247 27 49 7 41 6 10 8 28 1 4 1 43 1 10 12 135 9 14 6 25 2 13 16 195 16 16 9 550 56 195 79 180 21 26 21 9 3 6 21 18 2 2 3 4 3 20 23 15 1 1 3 2 0 1 2 12 3 7 1 28 6 52 20 122 12 11 7 7 3 4 6 19 2 2 1 11 3 7 14 222 17 8 18 18 1 11 37 256 23 2 22 106 30 82 123 165 117 21 222 8 13 20 247 28 5 1 10 10 17 8 99 17 11 5 21 6 3 1 19 3 8 2 10 9 27 11 68 14 34 4 8 3 3 3 5 1 1 1 3 2 2 0 7 20 9 2 9 1 2 1 23 6 15 2 22 10 41 11 73 148 410 55 662 10 22 14 125 5 7 0 18 7 24 15 71 19 29 7 69 1 4 4 29 9 27 8 41 15 138 44 260 215 434 17 191 17 41 6 71 14 8 0 6 14 44 16 69 294 110 10 80 27 24 18 121 92 62 6 75 61 256 96 669 0
80667 172 235 137 193 30 130 254 180 14 27 21 180 9 256 343 201 9 18 12 31 3 17 29 165 12 33 8 641 34 923 170 216 31 39 8 19 4 9 7 23 3 2 1 37 10 5 6 162 10 13 3 22 4 18 15 201 8 8 5 598 26 201 55 182 43 21 16 17 5 7 26 20 3 1 4 8 3 13 16 22 5 1 1 1 0 2 3 11 1 4 4 49 7 40 20 138 23 15 11 7 2 6 12 13 1 2 1 8 1 8 15 272 20 7 20 23 6 13 63 329 22 13 14 150 19 80 117 181 160 19 195 16 13 17 311 20 4 3 4 10 12 11 116 17 11 3 8 2 2 2 24 5 8 3 14 10 20 10 79 23 34 3 10 3 5 0 8 2 2 1 1 0 2 1 11 22 7 1 11 3 0 2 11 5 8 0 10 19 27 7 53 168 729 44 842 12 30 10 164 11 9 2 11 4 26 7 88 14 29 3 42 2 6 3 23 4 13 2 25 26 134 18 222 214 781 7 217 8 37 4 73 10 9 2 15 6 20 15 67 298 156 7 70 22 24 14 110 105 70 7 68 96 218 64 467 0
80967 169 242 107 153 18 123 242 227 27 26 33 142 7 203 372 148 23 34 13 30 7 15 25 133 10 35 19 396 33 589 151 225 32 46 11 34 3 7 9 27 4 2 1 30 8 12 9 122 15 17 6 15 6 8 16 167 19 11 12 487 54 206 82 184 39 22 16 9 3 11 23 37 7 2 11 9 4 22 48 27 2 7 3 1 1 1 5 17 2 3 4 26 5 53 33 112 20 9 12 8 4 1 11 60 1 0 6 14 1 14 31 266 31 11 20 25 7 15 108 331 38 13 39 127 32 90 213 267 129 27 195 34 16 32 324 55 8 2 15 7 14 18 95 28 7 3 23 7 3 1 35 9 4 1 16 7 13 9 91 21 34 3 12 4 10 4 18 2 3 0 9 2 4 1 22 47 9 2 10 4 3 10 29 10 8 3 18 8 47 16 85 116 359 54 543 14 24 13 141 6 13 1 21 8 25 6 105 14 23 7 54 3 8 3 26 15 28 6 45 24 133 39 223 221 534 13 193 22 50 12 112 13 23 5 20 16 40 14 89 357 135 6 71 41 28 25 211 120 70 15 99 88 229 99 763 0
82170 168 176 149 191 15 148 328 165 17 35 25 139 12 261 356 189 11 21 13 27 2 23 24 157 18 30 16 320 22 568 149 200 27 31 11 21 5 11 6 28 1 2 1 29 1 15 9 160 17 14 6 15 0 8 15 226 23 18 14 381 39 154 86 183 28 27 18 16 1 14 21 18 0 1 3 10 1 33 35 21 3 4 1 2 1 1 3 22 1 1 1 21 10 43 22 125 17 5 8 12 1 2 14 22 4 1 4 18 5 17 26 323 16 3 16 16 5 12 74 303 26 11 23 172 29 72 176 168 126 24 296 15 23 22 391 14 6 1 6 12 3 11 121 21 13 2 24 3 1 0 26 9 7 1 13 14 9 14 69 30 23 2 13 2 2 1 12 2 1 1 1 1 7 1 10 29 14 0 10 2 0 1 30 12 13 2 18 12 24 16 107 139 311 30 397 4 19 9 179 8 11 1 3 8 16 8 89 11 19 3 33 1 1 0 25 7 10 2 23 14 92 20 182 245 477 10 134 18 33 16 57 16 14 0 6 10 32 17 73 355 165 12 71 37 12 30 178 128 80 2 79 109 197 83 638 0
87443 145 131 62 149 14 70 151 79 17 13 7 103 10 107 131 124 33 18 14 33 4 7 8 115 24 20 6 448 25 351 76 126 16 9 8 23 2 6 4 14 3 4 0 21 3 4 2 80 11 7 2 12 4 1 5 101 13 6 6 359 22 148 23 152 24 20 17 16 4 13 9 10 2 2 3 11 2 15 3 13 5 1 1 0 0 0 4 10 3 3 4 15 1 29 14 75 15 11 4 24 3 7 5 8 0 0 4 19 1 14 5 91 5 3 7 6 7 7 25 109 13 0 9 86 15 36 42 83 101 7 98 11 3 13 127 7 5 1 8 4 7 8 76 11 22 1 10 1 4 2 10 4 10 0 15 6 9 6 42 16 30 1 9 2 1 0 2 0 1 0 1 1 3 1 5 9 22 0 8 1 4 0 8 5 15 0 15 3 28 6 31 126 476 24 345 11 26 8 88 3 10 1 11 2 14 12 36 11 29 6 31 4 5 0 16 3 13 1 26 9 92 12 159 126 373 16 168 20 21 19 34 2 4 2 10 6 20 10 36 126 89 7 44 9 15 12 48 39 48 3 53 49 153 38 321 0
84948 149 197 106 143 18 111 199 124 13 21 12 109 5 173 201 149 11 21 10 22 3 19 11 119 6 38 10 341 20 426 102 202 24 31 11 18 6 9 4 16 1 3 0 23 2 11 5 94 4 9 4 16 0 7 10 173 20 16 8 429 37 184 68 147 23 29 20 5 1 3 7 11 2 0 4 9 1 11 10 13 0 4 4 2 1 3 5 5 1 4 2 28 5 38 17 95 8 8 11 6 0 5 7 8 2 2 0 12 0 11 14 173 15 11 9 12 8 16 29 222 14 7 11 109 18 76 99 111 116 21 187 15 15 17 225 14 1 1 9 5 4 6 86 10 6 2 16 2 1 6 23 4 3 2 11 2 15 7 81 20 30 3 9 0 6 1 7 4 2 0 2 1 4 2 6 22 8 0 9 3 4 1 14 7 7 0 11 9 28 6 65 122 374 35 377 5 21 11 131 9 12 4 6 8 14 7 59 3 26 2 49 2 1 2 19 12 14 7 29 16 133 32 254 151 460 9 190 15 37 3 61 7 7 0 6 16 48 13 58 157 108 2 57 12 14 7 92 75 77 8 53 86 270 67 524 0
79090 254 232 145 247 28 164 299 174 20 29 15 209 21 213 324 208 12 25 9 36 4 31 22 168 12 33 14 980 39 846 168 287 23 82 14 21 0 6 7 21 2 8 1 19 2 15 2 155 8 10 6 24 1 11 9 212 14 12 7 776 35 291 64 213 56 33 22 10 1 15 14 22 4 2 0 12 0 12 17 39 4 1 1 8 3 0 1 14 7 3 1 31 3 29 23 173 18 14 8 4 3 5 9 15 3 2 2 14 0 9 10 306 22 6 10 16 5 9 51 326 19 10 17 156 14 68 97 157 209 19 271 16 20 26 302 23 9 1 8 7 11 12 119 14 11 1 16 1 1 2 20 9 5 0 8 11 33 9 69 40 22 13 7 1 3 0 6 1 1 2 2 0 4 1 6 26 8 1 11 2 2 2 16 7 8 2 8 7 23 8 46 191 1033 36 872 13 30 10 159 4 9 0 11 7 26 7 69 15 44 1 44 5 16 2 14 15 22 1 24 23 208 22 246 154 793 22 284 14 27 10 84 7 11 3 10 4 16 16 57 286 159 7 66 21 17 13 126 136 85 5 65 77 262 51 505 0
84070 159 184 121 136 19 117 226 91 3 11 8 134 12 159 164 147 8 18 9 20 0 17 13 147 9 16 7 646 33 546 112 186 20 45 10 22 2 12 8 16 0 2 1 25 2 4 4 136 7 7 4 12 1 4 7 179 7 12 9 510 29 192 55 178 18 16 24 12 0 7 15 14 1 0 1 9 0 12 15 25 4 2 1 1 0 4 3 17 2 2 2 27 5 41 11 148 15 5 13 10 2 3 7 9 0 0 1 10 1 4 6 246 20 7 9 14 3 9 53 254 14 4 8 138 7 62 76 114 137 13 162 5 15 10 254 14 7 0 6 4 3 5 74 10 4 2 12 1 1 2 7 4 11 1 7 5 17 8 48 15 31 2 9 2 3 0 3 0 2 0 1 3 2 2 4 11 12 0 4 1 0 3 6 7 8 0 5 7 15 6 37 148 670 28 614 10 28 12 124 5 13 1 9 4 16 6 53 15 33 3 39 2 5 0 17 9 21 2 34 12 161 32 193 172 541 4 240 10 13 4 52 7 13 1 6 5 13 4 31 247 139 4 51 9 12 7 73 88 59 3 43 70 197 44 352 0
83677 113 245 121 122 22 113 242 105 10 19 8 98 14 193 199 130 11 30 8 21 3 7 18 113 8 31 9 694 27 631 98 233 28 75 7 17 3 7 5 14 0 5 1 23 4 10 3 97 5 13 3 9 5 4 11 161 11 10 7 653 33 189 43 125 26 33 12 6 3 5 8 10 4 0 2 9 0 9 20 25 2 2 1 2 0 1 4 15 1 6 0 30 2 31 18 108 11 5 7 6 1 1 9 2 2 2 3 6 0 2 9 201 11 1 6 10 3 9 47 247 12 4 7 101 14 58 77 107 110 21 149 7 6 8 189 13 4 3 2 8 8 2 97 4 11 3 19 1 2 3 13 8 6 1 5 10 19 5 64 18 26 3 11 1 2 0 1 0 2 0 1 0 2 0 6 7 9 0 7 4 2 1 12 9 3 0 8 4 18 9 47 124 719 21 628 6 29 11 98 5 7 0 5 4 30 8 72 14 30 1 30 4 7 0 21 5 22 5 29 21 250 39 270 173 611 7 226 9 38 4 60 3 7 1 5 6 16 10 65 225 114 7 41 21 15 10 72 71 53 3 30 74 235 38 407 0
84338 102 240 97 120 19 110 180 110 7 21 6 95 12 165 202 114 7 22 8 18 1 11 14 77 6 20 3 455 20 547 101 245 21 55 12 18 6 6 10 17 3 1 2 23 4 15 5 109 8 5 4 23 0 6 13 154 17 10 5 459 43 170 62 134 22 18 14 16 3 10 17 9 1 3 2 6 2 16 16 26 2 4 6 1 3 2 3 26 1 3 3 18 12 45 18 125 16 12 12 5 1 6 14 17 3 1 2 5 1 7 5 205 10 7 9 14 2 8 60 196 19 9 11 84 22 55 81 120 99 10 146 12 13 19 227 17 4 2 3 10 10 5 87 7 5 2 16 0 2 0 20 2 3 2 13 10 28 5 52 23 29 4 8 3 4 0 8 0 2 2 1 4 3 0 7 18 3 0 5 3 1 3 13 9 3 0 17 12 29 7 66 124 450 35 544 3 21 11 102 8 5 3 9 6 30 8 49 14 30 5 60 0 3 3 20 7 28 4 51 28 201 37 279 164 535 9 186 10 27 6 48 7 12 0 10 16 26 16 68 212 108 10 51 18 23 14 90 89 62 2 79 51 277 52 557 0
83983 212 108 164 244 38 183 767 286 30 18 28 150 13 176 541 242 9 10 5 32 0 8 18 141 5 17 11 257 7 173 84 128 13 20 1 11 2 4 5 21 2 2 2 13 2 4 14 146 5 4 8 7 1 6 15 162 6 6 5 189 13 81 39 225 29 15 5 8 1 1 19 15 1 2 2 4 0 6 24 28 1 2 0 1 0 0 3 12 2 2 3 13 2 18 12 144 8 2 8 4 1 0 25 29 3 2 3 4 0 2 20 561 13 6 20 23 5 12 216 460 33 10 16 87 19 27 245 233 132 21 160 22 13 17 371 91 16 2 8 15 12 11 248 27 5 4 5 4 1 8 25 8 0 1 4 4 5 6 40 16 13 3 7 1 3 1 10 3 1 0 0 0 1 2 10 26 5 1 1 4 4 3 27 13 7 0 7 1 14 7 49 132 260 14 199 5 11 7 77 5 4 1 5 4 6 3 50 14 6 4 16 4 1 1 14 7 5 3 10 6 53 13 90 154 200 7 106 7 13 3 40 9 9 0 10 0 11 8 44 326 79 6 52 16 18 21 192 202 35 6 57 41 102 47 545 0
82825 232 255 132 238 19 117 214 145 14 43 18 185 8 211 239 303 7 26 5 41 1 18 10 178 6 29 9 584 16 556 99 249 23 70 15 30 6 13 6 25 4 2 2 37 4 8 4 175 8 11 5 19 4 9 11 232 7 17 1 400 19 219 45 225 43 35 19 10 2 9 8 15 1 1 5 8 0 11 17 31 2 1 3 3 1 1 1 11 1 2 2 17 4 29 20 151 12 11 6 5 0 2 6 28 2 1 4 11 4 8 22 303 7 7 12 6 1 5 61 281 8 2 13 88 15 48 105 119 185 21 170 17 10 17 151 18 5 1 4 3 3 5 95 14 6 3 4 6 1 3 19 4 1 4 6 5 14 8 33 20 29 4 11 4 3 2 5 0 2 0 1 2 3 3 11 28 6 1 5 3 1 4 11 12 10 2 11 10 27 9 53 166 666 41 540 8 20 6 79 8 10 2 7 1 14 5 53 15 19 2 38 2 3 4 9 7 15 3 23 17 202 31 262 190 429 11 228 8 25 5 39 11 12 3 13 4 22 12 62 220 78 7 34 22 17 15 88 109 50 11 57 53 220 56 643 0
69489 266 377 281 316 35 285 994 314 21 39 17 258 22 497 846 281 8 27 5 36 1 20 27 286 9 21 7 1161 27 909 221 375 19 141 16 25 7 14 8 28 2 4 0 28 1 18 10 270 6 25 9 13 1 31 25 432 10 11 6 996 33 476 104 311 33 25 21 8 5 7 28 13 0 0 1 5 0 7 20 25 3 1 1 4 0 1 6 19 1 4 1 25 12 32 17 280 18 18 34 5 1 3 25 16 1 1 1 7 1 3 23 970 15 7 19 21 7 30 228 677 25 2 18 261 16 102 258 334 287 35 444 12 19 22 735 63 10 5 14 15 17 10 352 11 5 3 11 1 1 1 27 11 12 0 3 14 38 10 105 36 29 4 11 2 1 0 8 4 1 0 1 1 0 3 6 25 7 0 4 1 4 2 15 12 6 0 11 8 29 7 61 297 1206 21 933 7 27 10 244 11 23 0 8 8 30 4 105 22 42 5 39 2 13 1 23 18 38 3 25 22 406 25 407 510 898 15 499 8 29 3 92 16 4 0 10 7 20 15 58 777 258 12 102 16 24 18 293 371 125 8 61 95 392 54 799 1
71734 252 392 246 226 37 248 811 305 24 41 17 240 16 426 699 271 8 17 8 31 1 18 25 250 6 23 9 1011 26 748 234 421 17 121 21 26 2 20 5 36 0 4 0 22 1 12 11 253 5 14 8 26 2 21 25 421 13 13 5 895 18 394 99 282 44 25 17 11 3 6 29 20 0 0 2 9 0 11 27 27 4 0 1 1 0 1 4 20 3 0 2 34 7 28 17 289 18 23 20 6 2 7 21 31 2 2 2 11 1 5 21 798 17 14 25 24 9 27 199 726 23 5 22 233 32 114 291 269 259 30 411 16 16 23 661 42 14 2 15 10 21 12 343 20 15 3 12 0 0 2 30 12 12 3 3 15 24 9 104 34 28 3 12 2 1 0 5 1 2 2 0 2 0 1 5 18 6 0 3 4 1 3 25 12 5 1 15 12 18 10 62 292 1169 21 778 7 33 11 190 10 15 1 14 3 39 2 125 19 44 2 34 2 9 3 24 18 42 1 30 39 293 20 358 425 919 22 469 6 24 5 105 8 8 1 7 5 25 7 57 685 232 5 110 34 27 12 261 286 116 2 57 98 365 56 742 1
71391 233 415 226 230 31 239 910 288 8 33 22 237 10 405 739 246 17 19 10 32 3 14 16 252 8 18 8 1015 26 844 189 456 22 140 15 20 1 19 12 33 0 3 0 19 0 16 10 240 7 19 10 23 2 19 20 443 10 17 8 911 23 373 100 255 32 24 13 13 2 12 18 12 4 6 0 6 0 11 25 25 0 3 4 1 0 1 7 17 3 2 0 25 12 24 31 246 20 18 18 6 3 5 32 25 1 3 2 7 1 5 17 828 23 15 35 14 4 31 211 711 25 6 15 246 28 106 271 296 271 25 395 13 16 19 744 64 13 4 15 17 23 9 352 16 11 0 9 0 2 4 24 25 12 0 5 15 37 7 109 23 18 4 14 0 0 3 7 7 4 0 0 0 0 2 5 23 12 1 2 2 0 0 18 7 10 0 9 6 17 3 54 280 1023 18 886 6 20 9 196 13 18 0 6 10 36 6 94 8 26 2 28 1 10 0 31 18 35 2 25 40 388 20 405 453 891 18 376 8 28 10 98 17 5 1 10 5 25 9 55 831 216 11 110 29 28 28 268 294 109 3 52 112 396 61 805 1
71073 276 359 237 256 30 251 955 309 21 31 11 260 20 467 723 261 19 28 8 30 2 11 28 278 8 18 7 1025 32 766 227 434 23 96 19 24 3 21 14 31 2 5 1 20 0 19 7 286 4 13 3 23 1 21 31 488 8 15 3 867 36 379 110 313 26 14 21 6 2 7 33 29 1 3 0 6 2 17 26 44 2 3 0 2 0 1 4 19 3 2 1 35 5 27 13 289 18 19 29 10 3 5 32 29 4 1 1 3 0 8 20 912 24 11 18 26 5 28 214 746 24 3 24 261 24 97 278 342 273 21 483 24 11 29 689 49 19 2 20 16 19 10 331 16 11 1 14 1 3 1 29 9 8 2 6 18 31 6 105 25 25 5 10 0 1 1 4 2 4 0 0 0 1 1 5 16 7 0 8 0 1 0 23 8 10 0 10 12 24 10 55 292 1041 26 873 9 32 6 225 14 11 1 11 7 28 6 82 21 30 1 33 2 8 0 28 15 27 1 25 33 328 16 345 479 876 16 365 9 28 10 102 16 7 1 9 7 25 8 43 769 232 5 108 15 22 23 293 319 105 5 52 106 368 44 738 1
63509 371 496 313 377 46 324 1191 499 30 44 39 326 27 484 897 405 13 28 7 62 7 33 49 328 9 28 14 1248 41 942 269 533 24 202 26 36 1 23 28 49 2 12 4 40 3 16 13 391 7 24 7 30 2 33 44 510 23 19 4 982 37 577 130 397 76 23 31 16 7 10 42 37 5 4 0 9 1 19 36 63 7 3 2 2 2 2 14 30 6 4 1 53 24 30 39 363 16 25 38 14 4 14 44 41 5 1 3 6 5 6 29 1224 44 17 34 53 15 47 312 891 21 16 28 299 31 133 398 479 340 40 474 31 21 44 774 122 24 6 23 18 21 18 465 29 8 0 17 3 2 1 30 21 12 1 5 26 44 8 140 45 33 14 18 0 1 6 17 1 1 0 5 0 2 3 8 42 9 0 10 4 2 4 21 24 4 1 23 17 26 15 99 321 1491 38 942 16 53 14 273 23 28 1 19 8 45 8 115 26 47 11 26 1 16 0 35 22 53 2 24 34 430 33 402 525 1074 19 633 20 29 9 131 14 10 0 32 5 34 14 63 940 293 10 115 29 31 35 367 488 151 9 92 143 384 75 1023 1
71167 305 422 264 278 26 255 928 408 16 34 26 263 15 351 659 282 16 30 9 33 3 21 34 233 4 22 11 953 22 691 241 415 21 116 29 22 0 13 19 30 2 2 2 24 1 14 5 285 10 28 13 17 1 11 26 432 8 19 6 719 29 330 115 305 23 21 14 11 2 7 21 31 0 0 1 4 1 9 27 35 1 1 0 1 2 2 6 16 4 0 0 29 6 24 27 319 17 21 10 7 1 4 26 29 1 1 1 10 0 1 24 835 31 25 29 22 4 23 234 644 22 7 29 270 24 121 303 334 306 28 368 26 9 26 671 81 18 2 9 19 12 12 274 22 11 4 13 4 2 3 27 15 5 1 5 22 22 11 95 28 27 7 17 0 1 1 12 2 0 0 0 1 4 1 4 36 9 0 6 0 2 2 22 15 3 0 9 6 23 18 63 317 1219 33 785 3 34 11 252 21 19 4 9 15 39 9 114 12 28 0 33 4 12 0 36 14 29 3 22 47 344 22 419 375 845 10 352 11 34 5 98 13 13 0 8 12 21 9 66 678 246 7 107 31 37 22 297 258 118 9 71 100 421 68 977 1
61253 254 655 356 261 34 338 1238 531 25 22 23 332 14 491 1036 207 10 15 11 20 1 33 28 293 10 21 12 1369 36 1198 461 545 18 115 35 23 2 10 35 30 2 2 1 18 2 12 9 309 12 23 13 15 2 35 34 450 23 15 12 1136 36 461 174 251 29 19 20 20 6 7 34 23 1 0 3 17 1 12 29 29 1 0 4 3 2 0 6 22 1 4 3 32 11 39 27 342 23 33 42 10 3 6 49 33 0 0 3 9 2 3 28 1142 36 32 52 25 4 42 444 943 37 14 26 405 25 173 561 687 369 27 558 19 27 26 1117 126 30 1 17 24 30 7 392 20 15 4 24 3 2 2 26 23 14 0 9 34 43 15 153 34 27 4 14 0 1 1 13 2 2 1 0 1 2 0 8 22 12 0 12 3 1 4 15 11 10 0 13 7 16 3 55 347 1549 26 1316 13 37 18 491 24 43 3 6 18 59 5 191 20 32 2 32 1 9 2 26 27 41 0 19 38 457 28 693 477 1247 11 516 17 42 9 199 11 13 1 5 1 27 13 69 1061 423 12 186 28 38 16 599 354 136 4 50 164 609 51 1016 1
70705 281 430 261 258 33 269 930 323 13 40 12 250 22 360 713 267 16 14 16 29 2 16 36 264 6 29 14 945 34 907 249 441 22 105 22 21 0 13 14 43 2 2 1 26 1 12 12 270 12 19 13 15 1 28 23 404 12 13 6 887 21 387 98 311 36 22 14 17 1 12 24 19 2 1 0 8 3 10 29 32 4 0 1 1 0 1 8 17 3 3 2 36 7 29 14 285 22 14 20 10 0 5 31 26 2 1 1 8 0 7 26 900 26 12 17 27 5 22 171 777 31 11 28 281 28 98 270 331 242 21 442 17 18 25 733 62 12 0 15 11 22 12 319 14 13 0 15 0 3 0 32 13 7 0 5 11 20 10 117 33 28 3 9 1 2 3 5 3 1 2 0 1 3 1 4 29 7 0 13 0 0 1 29 7 9 3 14 7 23 5 67 275 1045 24 890 10 30 6 264 8 16 0 10 12 43 8 134 23 38 0 39 0 6 0 25 20 39 1 33 29 334 38 410 453 872 12 398 18 34 8 103 9 9 2 5 8 21 7 47 755 283 15 93 41 25 28 270 323 147 4 59 104 372 55 752 1
71054 265 359 242 245 36 224 1024 323 11 29 16 249 13 432 793 265 10 16 7 39 0 17 26 273 3 23 3 1028 30 823 221 429 13 133 16 23 0 14 15 43 1 10 1 29 3 8 6 257 7 23 6 20 3 23 22 448 9 14 6 843 35 424 108 268 26 23 17 9 0 10 34 17 2 3 1 10 2 12 24 44 2 3 4 1 1 4 7 28 4 1 2 42 10 36 19 258 12 15 29 10 2 6 22 26 0 1 0 6 2 5 23 941 31 16 25 20 5 29 229 687 18 8 21 223 35 74 297 288 222 40 413 20 15 21 686 62 19 1 9 13 19 15 365 12 3 3 14 1 0 1 25 14 7 1 1 15 35 13 108 35 16 3 13 5 2 1 7 9 1 0 0 3 1 2 7 24 14 2 6 0 1 0 18 14 8 0 8 12 25 10 55 257 1190 26 769 8 27 8 215 16 13 1 4 13 38 9 94 25 48 2 37 3 10 0 28 16 42 1 42 42 321 28 319 476 861 15 427 12 29 5 73 13 10 0 7 4 18 19 58 713 228 4 93 32 26 27 295 342 95 7 66 109 345 60 799 1
63026 534 522 402 515 66 386 1289 511 46 52 48 361 24 516 836 522 24 50 16 61 6 30 53 385 20 41 14 1314 58 881 274 539 47 85 26 43 13 18 22 39 6 4 4 47 4 24 29 358 12 21 9 29 9 20 47 481 17 16 9 973 53 370 150 501 61 30 28 27 8 12 55 38 5 7 4 11 4 18 34 66 7 9 2 3 1 8 19 26 6 5 6 42 16 41 50 347 29 19 18 20 3 7 38 33 4 4 4 14 5 13 31 1088 37 25 34 63 15 40 338 815 47 28 30 269 46 144 332 473 415 41 488 31 33 34 905 89 21 8 11 20 25 17 378 40 25 4 18 3 6 4 40 22 12 4 13 23 33 16 139 47 36 5 13 2 10 5 16 5 1 1 3 5 8 4 23 43 15 1 9 5 3 4 24 19 8 3 12 23 50 15 120 365 1533 36 977 14 52 18 289 22 26 3 21 5 28 13 139 22 61 4 32 2 7 4 38 28 40 8 44 36 338 33 409 490 982 24 372 11 44 10 138 20 17 1 21 15 41 20 130 845 284 13 129 40 42 37 341 373 125 26 98 138 405 117 1094 1
73255 278 318 241 246 21 267 848 304 23 34 13 266 9 444 624 270 6 15 12 38 3 17 25 252 12 27 7 1065 27 752 209 373 13 93 18 26 1 17 18 26 0 5 0 20 0 18 11 275 7 16 6 17 1 18 22 433 11 12 4 708 24 309 109 266 23 30 21 10 1 13 32 15 3 1 2 7 2 9 25 30 2 1 2 2 0 0 7 10 2 1 3 31 4 32 32 273 10 19 16 11 1 10 31 14 1 2 0 11 3 11 31 725 21 22 18 30 6 28 185 573 22 18 20 214 32 97 262 262 294 28 475 15 18 15 636 32 16 5 8 13 10 11 258 18 17 1 10 1 1 1 23 7 17 2 2 18 22 6 89 30 17 4 10 1 1 0 8 2 0 0 1 1 1 2 9 28 10 5 4 3 0 1 21 19 8 0 8 10 30 10 46 248 932 17 781 11 26 5 208 17 20 2 12 4 18 8 98 15 31 1 33 2 14 2 25 11 39 0 25 24 302 36 345 451 674 18 306 16 37 10 97 7 9 2 10 7 26 16 61 562 198 9 90 21 25 16 263 247 94 9 61 77 361 60 868 1
71178 306 335 257 268 36 274 1029 337 16 40 26 234 16 369 704 261 7 23 11 29 0 23 18 224 9 30 6 990 35 668 213 418 23 133 24 33 4 32 14 28 1 1 1 21 1 19 2 264 12 27 5 23 1 14 36 391 11 17 3 760 28 403 96 308 31 18 22 18 1 9 29 18 1 2 0 8 2 9 25 32 3 2 0 1 1 4 4 20 6 0 1 15 13 38 28 271 21 20 22 7 3 8 33 22 3 0 1 7 2 4 30 909 25 22 26 23 5 35 234 607 25 7 12 200 20 115 268 269 310 29 385 18 20 20 688 76 21 5 19 20 22 17 342 20 8 0 6 1 1 3 21 19 9 0 6 29 30 11 90 38 28 2 22 1 0 2 8 4 1 0 0 1 2 0 7 20 4 0 8 3 2 2 20 14 4 1 12 14 21 5 75 326 1171 24 781 6 36 9 231 27 37 0 16 8 24 4 108 14 41 0 22 2 9 2 35 11 39 2 27 30 325 27 357 395 821 23 418 9 24 9 98 11 13 0 11 4 35 12 51 669 210 14 112 23 31 19 283 350 115 6 74 116 424 59 1016 1
71506 267 310 269 297 31 296 976 303 13 27 19 258 17 389 853 257 4 23 13 50 0 14 27 266 6 17 2 1019 26 788 239 370 19 75 12 15 2 22 17 27 0 9 0 25 4 13 7 303 3 24 6 20 0 19 39 405 5 11 2 868 18 341 87 289 42 12 24 4 0 9 27 22 0 1 0 5 1 11 37 24 3 1 4 1 3 3 3 18 1 0 0 32 17 19 22 284 21 20 19 12 1 5 39 23 1 5 1 7 0 7 34 939 26 25 22 25 4 22 212 718 21 11 13 211 33 87 249 279 300 25 449 17 15 17 770 55 12 3 10 13 19 12 271 17 7 1 8 1 2 1 14 16 9 2 4 23 30 11 100 25 22 7 6 0 0 4 9 3 1 0 0 0 1 3 11 18 2 3 8 1 2 1 18 16 4 1 12 7 24 8 57 289 1128 30 835 7 27 3 240 8 20 0 7 3 38 6 97 19 38 2 24 3 10 1 27 11 24 1 28 37 281 15 322 464 740 16 374 8 21 3 87 7 12 1 11 4 16 11 44 796 246 9 89 23 33 22 281 299 93 7 48 111 357 58 775 1
71140 273 374 235 288 33 246 1053 320 18 29 26 230 14 459 837 288 17 28 5 31 2 21 29 255 11 20 9 975 23 792 209 401 25 120 15 14 2 22 9 35 0 9 3 26 2 9 8 274 7 13 6 26 0 14 19 434 9 14 3 932 24 384 86 283 30 18 21 18 3 9 30 23 3 1 2 5 0 9 30 42 1 3 1 6 0 1 3 8 1 1 4 24 7 23 20 300 18 17 19 7 2 6 22 23 2 0 0 6 0 5 22 962 9 12 22 28 6 24 246 685 29 9 21 204 29 89 301 275 249 33 432 24 10 22 715 69 11 2 7 7 21 4 352 20 6 2 12 2 0 1 23 15 13 1 6 11 29 13 85 37 23 6 17 0 2 2 6 3 1 1 2 1 2 2 5 24 8 1 5 0 2 2 20 16 8 0 15 6 17 5 48 251 1139 22 817 6 38 9 197 13 15 0 6 8 37 5 105 22 53 0 27 1 13 1 28 20 39 1 41 29 329 22 357 469 848 14 384 9 15 12 90 12 7 0 6 4 20 8 61 750 197 7 83 21 26 19 303 321 131 7 53 78 361 45 755 1
71483 288 370 266 217 35 264 836 281 21 25 19 263 18 457 742 256 11 18 12 23 3 20 24 246 12 22 6 1103 26 792 219 404 19 89 16 16 2 12 17 31 2 1 3 24 1 20 7 285 9 23 5 14 4 17 27 427 11 8 5 810 28 407 103 283 21 23 23 9 1 3 27 12 2 2 1 12 1 11 30 22 5 1 5 4 2 2 6 16 2 2 2 36 8 26 24 302 16 12 25 7 2 5 24 26 1 1 3 5 0 7 18 966 26 14 28 22 11 27 217 707 26 12 17 226 15 82 281 274 261 29 442 23 13 20 688 53 17 4 17 16 18 13 324 17 11 1 14 1 2 1 30 9 5 0 7 16 30 17 93 32 17 2 13 1 2 2 7 2 0 0 2 0 1 1 12 29 10 1 9 1 0 3 20 12 8 1 10 10 29 12 51 288 974 25 811 11 27 6 236 15 17 0 6 4 40 3 110 15 31 0 36 1 13 1 23 21 39 0 23 38 300 29 308 549 810 9 374 9 31 10 95 9 11 1 13 7 25 8 43 823 263 6 99 19 17 24 282 338 114 8 68 96 337 56 765 1
63044 482 451 365 516 58 431 1088 513 44 51 37 434 33 482 852 499 21 30 12 65 4 33 60 407 13 30 11 1260 46 844 346 506 34 123 26 34 3 29 30 47 4 11 0 35 2 24 14 395 11 23 7 38 1 20 37 485 20 16 9 1031 25 516 177 486 65 41 27 26 9 17 53 36 4 0 11 11 5 22 46 49 10 5 2 7 3 6 17 30 5 2 1 50 18 36 42 408 34 30 32 15 3 14 33 31 7 2 0 10 1 14 37 1156 34 18 31 43 19 26 291 897 22 15 19 280 30 141 392 455 428 44 512 31 27 41 759 93 24 9 25 18 32 26 416 53 16 2 16 2 8 2 27 17 8 1 5 30 42 12 133 41 42 14 14 6 5 2 19 3 2 4 3 1 1 5 11 45 15 3 10 10 3 2 19 24 6 4 14 17 29 17 103 365 1455 41 1012 10 46 10 328 20 28 0 23 6 39 6 156 29 58 4 34 1 34 2 38 23 44 4 32 38 336 30 371 489 873 17 552 17 37 9 150 14 18 3 19 10 26 25 79 865 304 11 114 50 37 44 340 453 131 9 84 154 365 101 1163 1
71873 258 379 292 246 33 293 767 357 23 27 28 268 18 463 764 234 10 13 11 28 2 14 28 267 10 20 7 794 24 735 224 404 20 92 13 21 0 29 19 40 0 2 1 26 1 13 11 274 13 19 13 16 2 16 26 477 18 17 8 724 21 285 96 282 34 18 31 5 1 11 24 18 1 1 1 12 1 15 37 29 1 3 2 2 1 1 7 13 4 0 2 22 10 26 31 336 24 24 9 11 2 11 39 21 0 1 2 7 1 10 24 768 23 23 23 27 2 18 235 682 31 10 27 204 29 94 323 359 331 24 493 25 16 17 646 67 17 1 8 15 15 11 256 18 9 3 14 2 2 2 27 21 5 1 4 16 35 8 100 32 26 6 12 1 0 2 13 0 0 0 2 0 0 1 8 27 13 0 6 1 0 1 30 9 6 3 11 10 22 6 41 298 903 26 800 8 32 10 226 20 22 1 5 7 29 5 101 19 36 1 30 3 11 0 26 23 36 0 34 24 289 35 382 503 777 9 280 12 25 5 123 6 10 2 10 6 22 13 61 713 251 12 96 24 27 23 319 243 98 5 60 91 437 58 982 1
71248 242 356 226 220 22 223 1162 277 14 19 8 240 15 433 853 241 8 18 7 23 2 10 26 237 9 14 5 1055 32 845 240 451 20 93 9 13 0 17 16 21 0 1 1 21 0 7 2 240 4 17 5 13 0 18 26 440 12 13 4 991 25 315 96 268 34 12 13 7 3 5 28 8 0 2 0 4 0 10 26 31 0 1 2 2 1 1 3 15 0 2 1 27 6 36 9 296 19 19 22 7 0 5 25 17 0 1 0 6 1 0 18 943 24 8 30 25 6 32 245 769 22 2 11 227 15 81 277 316 225 26 497 12 14 18 823 68 13 1 6 7 14 6 294 15 5 1 10 0 0 0 20 9 4 0 3 10 29 12 89 20 23 2 7 0 2 0 4 3 0 0 0 1 1 0 4 11 6 2 2 0 0 2 16 5 7 1 14 5 24 5 42 257 1163 17 901 5 24 9 231 9 7 0 9 9 24 5 84 15 30 0 27 1 9 1 23 20 35 0 34 42 341 14 387 506 916 13 268 5 28 5 82 5 10 0 6 4 31 14 32 846 257 8 105 22 12 14 295 234 118 4 46 104 414 47 645 1
71533 256 417 247 234 16 259 863 323 17 30 20 260 14 411 719 240 8 15 5 38 1 19 22 250 10 21 5 982 30 827 263 442 18 144 22 24 1 22 15 35 0 3 0 21 2 22 13 266 4 17 9 17 0 24 31 367 10 14 4 852 24 412 97 257 23 16 14 7 1 3 30 14 2 1 0 7 3 15 30 16 1 1 3 1 0 3 11 14 3 1 1 25 10 30 16 256 17 23 22 3 0 10 28 23 1 0 4 10 1 6 30 804 33 11 34 21 4 25 238 696 26 8 20 259 29 121 296 308 244 18 401 19 17 18 672 60 15 1 17 16 29 12 306 22 8 2 6 0 3 2 34 15 9 0 6 16 44 9 108 28 18 7 15 1 0 1 6 1 0 0 0 2 4 2 4 24 4 1 3 2 0 0 21 11 2 1 12 8 23 10 63 267 964 25 816 12 45 10 220 14 25 1 13 9 40 7 129 25 31 0 20 0 10 1 21 24 43 3 37 45 371 25 420 427 836 15 407 7 20 4 106 11 8 1 5 6 25 12 54 766 223 7 102 32 28 20 252 277 111 8 60 97 408 56 836 1
85048 251 111 160 218 30 152 428 166 23 14 31 121 9 192 472 251 14 15 6 20 0 14 16 130 3 16 4 300 10 259 85 115 13 13 3 13 2 7 5 14 1 2 2 12 1 7 3 187 7 3 3 23 0 9 11 212 9 6 1 258 14 89 38 241 30 13 12 7 2 7 17 22 2 1 2 4 0 5 13 26 1 0 3 4 1 3 6 14 1 1 0 14 3 18 9 175 14 4 7 7 1 4 11 26 2 1 0 5 0 4 20 507 18 8 10 23 0 8 39 514 14 4 11 70 10 43 81 139 141 12 273 19 15 26 378 23 5 3 9 5 5 8 79 21 3 0 5 0 2 1 14 6 2 0 4 7 4 7 23 17 13 1 6 2 1 1 8 3 0 1 2 0 2 1 8 30 5 1 3 1 0 2 13 9 4 0 11 3 10 5 36 151 332 28 280 4 14 2 83 4 2 1 14 2 2 5 33 8 10 4 15 1 0 1 7 2 7 2 9 11 35 16 55 286 325 2 89 6 19 5 25 8 7 1 5 5 10 2 53 470 83 2 33 15 14 14 66 104 18 7 32 36 67 42 312 1
68128 246 405 262 242 43 260 893 377 22 40 34 329 28 517 863 185 11 28 15 37 2 24 41 270 12 33 15 782 26 818 353 446 17 84 18 29 7 23 23 42 2 5 0 40 4 16 8 239 17 24 13 31 3 17 46 517 24 22 15 880 44 350 200 182 27 24 23 13 0 15 40 21 7 3 5 11 2 25 37 38 10 4 0 6 8 4 12 24 2 3 3 42 10 45 34 259 23 10 25 17 4 12 52 33 2 3 4 18 1 14 33 865 36 20 34 42 9 48 248 856 35 17 31 379 47 178 392 380 293 37 485 22 31 33 874 84 28 4 27 29 33 19 426 35 13 2 13 6 1 4 48 16 12 7 12 21 30 15 176 37 34 10 14 1 3 1 13 11 0 3 7 0 2 0 12 31 29 1 17 1 0 4 29 31 11 4 10 12 31 15 105 252 769 32 774 9 36 18 320 22 16 0 11 11 42 11 160 27 45 3 45 4 7 2 42 31 45 5 28 42 255 26 385 533 807 20 337 18 49 14 172 17 20 4 13 11 35 20 89 848 347 15 149 61 30 29 412 427 174 22 101 160 426 98 914 1
68108 250 376 283 230 42 242 911 395 28 34 47 268 30 474 917 196 15 25 10 48 3 21 39 256 12 28 18 824 40 774 313 437 28 109 17 23 3 18 12 39 5 9 2 30 1 16 12 272 7 15 17 15 1 19 38 495 18 20 9 831 46 352 198 241 31 26 23 14 7 12 43 32 1 1 2 14 4 19 43 35 8 4 2 6 6 4 13 30 3 0 2 33 11 39 40 289 23 21 20 8 3 7 43 41 2 0 3 15 2 13 30 841 40 20 43 42 16 39 268 888 49 11 30 349 35 154 396 380 283 45 461 20 21 21 889 100 18 8 21 18 18 21 463 31 16 6 19 6 2 2 44 24 12 0 16 19 48 12 168 40 30 10 18 3 2 1 14 10 3 7 1 0 4 6 15 38 16 1 9 4 0 3 28 14 13 4 13 14 31 16 86 245 819 35 677 13 49 21 332 19 19 2 13 13 40 14 159 25 23 6 35 6 11 1 45 22 41 1 27 45 274 29 379 554 876 20 330 27 38 12 151 22 11 3 21 13 29 20 90 930 333 15 174 37 51 38 403 453 152 13 81 190 432 94 936 1
73099 151 334 188 192 34 193 959 400 24 23 25 194 22 292 860 162 9 22 5 26 4 14 36 163 15 14 11 676 27 644 248 328 12 103 15 27 1 21 14 38 3 4 2 26 3 13 12 173 7 14 4 19 0 16 31 313 12 13 7 703 49 290 127 139 22 21 21 13 4 7 30 26 0 2 6 14 2 9 32 24 3 6 2 3 0 3 8 22 3 2 2 19 8 30 19 204 14 25 23 17 4 15 38 29 3 2 6 4 2 11 24 812 28 25 36 31 6 29 269 834 28 10 30 292 24 131 397 432 165 29 309 21 13 25 865 141 33 4 18 27 29 17 405 29 10 3 11 3 2 1 35 27 14 2 11 14 29 14 130 35 20 4 17 1 2 2 11 2 1 0 1 2 2 0 8 22 6 0 3 4 2 1 21 24 5 1 12 8 24 5 71 179 647 24 626 6 27 8 265 23 13 0 17 5 23 5 112 31 29 4 31 2 8 2 30 27 38 4 24 24 204 18 328 318 603 10 286 12 34 6 122 11 3 2 12 7 28 13 58 845 303 8 120 32 22 28 376 382 118 10 64 113 355 49 826 1
73055 148 403 212 146 28 218 791 290 21 21 28 199 21 322 809 175 14 28 11 23 5 23 24 214 4 26 4 717 30 706 266 369 22 98 21 14 3 16 14 35 4 4 0 34 3 19 10 227 11 27 7 20 1 17 24 366 11 12 2 737 38 331 140 163 15 25 19 7 4 6 28 25 2 2 5 8 3 10 43 28 1 4 3 5 0 2 7 27 0 3 2 39 10 35 25 233 15 14 22 11 1 9 27 27 6 0 4 8 0 8 26 767 36 17 39 39 7 36 211 700 34 14 29 307 40 116 331 285 214 17 336 20 16 22 722 72 23 4 15 14 26 17 370 27 5 1 4 0 1 0 27 20 8 0 5 26 37 8 140 32 16 6 15 4 2 0 6 4 0 0 0 2 3 1 5 21 12 0 8 3 1 4 23 19 5 2 8 14 27 6 83 242 784 19 672 7 34 2 269 19 14 1 9 5 31 6 144 28 35 4 32 1 8 1 24 19 42 5 20 48 251 30 381 380 679 11 353 10 37 5 124 18 11 0 10 9 20 14 78 734 295 11 146 29 37 25 306 381 136 8 65 139 358 67 710 1
83638 63 181 130 61 9 133 404 172 9 16 9 153 13 195 456 54 4 15 10 5 2 11 16 108 4 12 11 397 15 454 239 198 10 35 10 12 0 14 12 11 1 1 1 9 2 13 6 94 7 17 5 6 0 13 17 190 5 2 3 424 21 189 106 52 14 9 11 7 2 7 14 9 1 0 1 5 2 10 5 6 0 0 1 1 0 1 2 13 0 1 0 14 1 19 12 101 13 12 17 4 1 4 13 9 1 0 0 9 0 3 7 378 14 11 13 11 4 10 109 377 14 7 5 188 18 77 178 161 139 11 146 9 12 12 363 24 14 0 10 11 3 13 213 11 6 4 2 0 0 2 19 12 4 0 6 9 18 7 99 16 23 1 9 0 2 1 5 0 3 0 0 0 3 0 3 9 5 2 0 0 2 3 11 8 4 1 1 10 11 2 33 104 380 18 456 3 23 3 206 8 16 1 9 11 21 3 98 10 19 2 14 4 5 2 14 17 23 2 9 10 95 13 243 186 390 6 243 4 13 3 81 6 1 0 6 6 9 2 39 364 181 5 77 10 15 12 198 194 81 3 33 83 217 31 406 1
79426 141 195 186 133 17 204 402 248 22 23 27 180 13 293 592 139 14 20 7 13 0 14 28 156 14 24 16 289 17 467 282 218 12 22 9 17 4 12 13 20 2 2 1 16 2 14 12 200 15 9 10 12 0 8 20 305 19 18 12 514 36 178 136 131 15 19 14 13 4 9 19 18 1 1 5 14 1 20 50 16 2 1 2 1 2 1 0 16 1 0 1 16 2 37 30 168 6 2 5 12 1 6 23 24 4 2 2 17 4 13 30 501 32 7 17 22 2 29 117 491 35 10 21 232 23 156 242 191 155 30 286 26 11 25 579 34 10 2 7 9 7 10 220 20 12 2 26 1 0 2 48 6 10 0 10 10 34 10 125 23 29 1 10 0 0 2 10 0 1 0 1 1 1 1 10 27 20 0 8 5 4 1 26 12 7 1 16 11 22 3 71 182 266 21 497 5 20 20 252 11 10 0 12 4 11 6 141 8 24 1 40 6 2 0 27 14 13 0 26 12 67 21 205 300 450 11 198 25 28 11 127 10 7 3 5 17 22 17 69 631 227 16 146 51 23 20 253 214 124 5 87 142 245 79 599 2
58585 479 424 467 467 86 477 1338 534 51 60 64 438 36 675 1225 459 39 34 23 76 8 46 79 481 16 50 18 1050 44 1014 339 423 39 33 23 28 5 21 27 57 7 4 0 47 4 23 20 484 27 13 20 44 9 21 57 651 35 19 12 1019 75 323 164 498 67 37 26 32 7 30 65 37 10 1 3 31 3 33 75 75 3 5 7 5 2 5 18 54 5 4 3 54 9 78 38 457 37 18 26 19 7 9 57 47 9 2 4 20 2 16 69 1580 62 14 42 61 10 52 399 1256 68 21 37 341 32 179 517 512 486 52 569 35 36 41 1077 79 33 10 25 28 33 25 473 39 23 4 33 6 3 5 64 25 10 2 7 13 32 19 145 54 55 5 29 2 6 0 13 7 3 1 2 0 4 3 9 54 21 8 13 3 2 8 52 33 16 2 21 15 50 11 114 524 1172 38 1017 21 57 30 316 21 17 2 18 13 36 18 161 36 57 7 79 5 11 5 46 20 37 4 48 33 216 46 358 629 1161 16 339 35 68 15 163 31 20 1 10 16 42 20 128 1257 391 22 186 84 38 48 466 553 175 14 134 202 380 123 1014 2
71002 349 319 285 391 72 313 1025 520 36 47 33 288 33 331 835 345 32 24 17 45 5 32 53 264 22 19 8 523 26 528 260 316 26 41 6 33 3 12 17 46 3 1 2 25 0 10 12 263 19 11 18 24 2 21 44 366 28 12 11 508 50 220 119 362 47 39 25 28 6 16 66 41 3 1 4 21 4 13 46 53 2 6 6 2 1 4 13 34 2 3 3 28 8 29 45 300 22 15 17 14 3 8 47 43 0 1 3 13 2 16 48 993 30 15 39 52 15 51 365 796 35 12 38 218 36 112 481 490 303 43 363 39 27 38 842 132 15 5 25 22 17 23 444 44 20 2 22 4 2 1 51 23 12 2 12 16 27 21 128 42 33 3 14 3 2 1 20 7 3 1 5 3 2 1 15 27 16 1 12 6 2 1 32 17 12 2 8 13 36 11 77 287 528 20 512 17 26 18 233 25 16 1 14 8 20 14 124 38 35 4 33 1 3 3 31 19 20 2 19 18 129 18 235 362 534 13 212 20 32 13 125 15 11 1 8 9 19 19 85 810 259 17 124 38 45 46 518 363 146 12 62 111 201 90 930 2
63661 462 367 333 411 74 355 1200 534 50 52 53 292 30 452 978 549 40 41 22 62 9 32 48 397 20 49 15 768 37 683 400 388 43 58 18 33 6 18 20 50 2 4 4 41 4 21 13 424 18 20 10 41 4 28 33 538 23 29 17 690 51 343 168 527 69 41 32 37 4 20 60 38 6 7 9 20 1 20 70 73 12 5 8 15 2 7 11 41 4 1 2 44 13 46 32 423 21 18 23 26 5 17 47 44 1 5 2 26 1 23 39 1399 54 18 44 41 10 38 346 1173 59 19 43 443 33 180 460 539 325 55 435 52 25 70 922 108 22 9 18 36 23 23 453 51 24 2 27 5 3 4 58 25 14 5 15 15 19 13 162 48 49 3 19 2 5 6 24 6 0 1 2 2 4 5 11 80 23 3 19 2 6 3 35 29 17 1 16 25 23 11 103 387 701 35 655 25 42 19 354 23 17 1 17 14 25 17 162 50 40 2 47 2 8 1 33 22 21 3 28 23 205 28 277 545 817 15 343 28 57 9 176 32 14 6 18 15 28 28 117 1250 399 17 189 83 45 54 482 465 157 13 96 173 289 143 995 2
64663 385 353 387 352 62 380 1084 547 52 56 64 342 42 575 1142 358 28 39 30 57 7 39 58 353 16 51 18 609 36 740 419 378 26 45 23 22 5 15 24 66 2 5 2 31 7 18 25 362 30 20 12 34 3 25 47 438 26 15 18 809 55 305 200 344 52 29 33 35 3 25 76 36 1 7 5 28 5 41 93 58 8 5 4 3 2 6 12 38 6 7 3 35 9 62 48 322 32 10 25 23 9 13 61 59 1 5 7 24 4 19 53 983 48 29 48 59 14 47 251 981 63 15 44 381 34 211 375 488 376 38 542 55 41 55 937 89 35 4 32 28 16 34 472 37 23 3 25 3 6 3 84 28 9 2 22 18 30 18 187 54 40 5 25 3 4 0 21 1 2 0 4 3 5 3 15 64 24 7 16 3 4 3 54 22 20 4 21 17 25 17 101 350 744 45 798 27 50 23 389 24 17 2 20 15 41 23 182 37 64 3 64 4 7 9 54 21 43 5 43 43 144 39 288 460 776 22 298 26 68 17 208 15 12 6 17 12 38 23 139 1047 385 25 174 79 44 52 400 484 185 11 121 219 299 115 988 2
62161 397 481 314 418 58 341 941 633 56 67 51 362 31 342 921 529 38 41 40 84 4 42 67 419 27 34 42 633 46 676 437 584 46 139 29 50 8 20 37 39 8 5 1 53 17 28 34 409 28 35 25 37 4 16 39 427 27 33 26 612 40 425 214 479 69 53 32 45 9 33 50 60 15 5 7 35 7 40 67 64 6 4 7 10 2 6 13 41 3 4 5 56 13 42 52 396 34 24 21 40 6 16 46 65 9 4 6 49 9 18 48 1239 87 21 39 53 18 32 309 1109 72 25 58 491 68 214 506 588 321 59 449 53 30 61 944 154 25 12 39 37 18 30 456 61 21 0 39 16 2 13 59 24 18 5 20 24 37 24 180 47 46 9 29 5 4 2 31 9 3 0 5 8 4 1 17 85 24 4 24 15 6 3 57 40 20 6 16 25 45 32 151 388 680 56 619 38 34 43 457 32 24 0 22 25 28 28 153 31 52 7 41 10 13 5 64 31 24 3 43 41 275 35 400 466 647 31 379 29 43 23 181 31 29 5 26 18 26 17 125 1018 489 32 254 69 61 50 479 499 195 22 141 184 416 133 1410 2
77795 254 249 246 257 43 223 825 315 39 36 49 189 18 248 686 253 20 21 16 21 7 12 34 161 21 28 20 284 25 270 217 223 20 34 10 17 4 12 15 35 3 3 5 27 1 15 13 213 20 11 18 15 4 15 16 283 25 8 17 320 26 146 103 243 21 25 10 25 1 9 28 44 4 5 3 23 9 13 38 33 7 3 2 2 1 1 4 30 0 5 1 27 5 26 23 242 16 13 9 17 2 14 22 39 9 1 6 23 4 8 32 828 31 8 19 27 7 18 196 637 50 16 40 223 34 107 269 330 174 30 249 42 19 69 582 43 11 3 13 19 6 16 257 29 12 5 30 3 2 6 57 10 11 3 15 8 15 8 89 22 21 2 15 1 1 1 13 2 2 2 2 3 3 3 12 40 19 4 17 4 1 3 34 21 11 2 16 13 27 9 104 185 294 44 302 31 24 27 210 12 7 0 11 17 19 21 109 20 18 5 30 2 6 8 36 12 17 1 33 19 78 18 174 282 329 16 155 17 27 16 75 22 13 3 8 12 17 11 75 702 214 14 109 37 20 19 285 241 102 9 78 84 163 66 712 2
61515 323 245 339 341 46 385 1184 435 52 41 55 368 24 529 1513 370 22 17 15 50 4 19 54 398 19 37 24 909 32 936 492 270 26 19 13 30 6 15 8 35 5 3 1 29 1 16 19 381 16 15 12 15 0 17 32 602 26 20 13 972 36 530 241 353 26 18 24 22 5 22 57 32 5 1 5 18 4 28 85 35 7 4 4 1 0 2 8 18 3 0 0 35 6 38 30 363 22 13 11 19 1 15 24 42 1 2 2 19 0 18 48 1456 34 22 24 48 5 30 254 1524 61 14 45 501 36 229 499 381 363 28 462 34 15 52 1360 48 16 2 21 16 15 22 602 33 19 8 19 8 1 12 67 13 4 0 10 11 26 15 157 33 40 6 11 1 1 0 11 4 3 0 1 1 2 1 7 58 16 3 14 8 1 10 37 15 12 4 11 9 21 9 109 380 953 41 946 11 33 9 409 17 13 0 17 7 32 13 166 29 39 1 41 1 4 5 35 15 30 3 24 27 153 23 260 610 1134 12 533 27 37 9 209 23 18 2 16 14 22 12 111 1527 510 13 190 74 31 56 491 603 157 10 87 185 304 90 868 2
57826 450 397 433 429 66 442 1423 552 33 23 57 373 29 602 1456 387 29 46 19 50 9 36 59 402 16 46 16 886 36 933 402 415 31 51 11 31 3 14 25 44 7 1 0 52 2 15 15 417 20 15 13 38 2 18 45 681 32 21 15 1064 69 412 210 373 48 31 27 20 11 23 72 50 7 1 3 24 4 29 69 44 5 3 2 6 3 3 17 32 4 2 3 48 8 55 40 402 38 16 18 23 5 14 43 67 4 2 1 26 3 16 34 1763 63 24 57 67 8 48 342 1666 78 29 54 452 34 200 519 551 404 45 635 55 28 56 1406 93 23 2 27 15 21 30 586 40 24 3 24 7 1 3 68 27 13 2 10 18 26 15 171 38 31 3 18 4 3 4 28 6 0 0 3 4 2 0 18 58 18 2 20 9 0 2 46 27 15 2 11 14 50 15 111 412 857 46 909 16 54 19 417 31 26 1 26 16 39 10 204 26 48 2 79 1 9 2 44 18 41 4 41 43 240 37 400 601 993 19 405 22 56 18 208 31 13 0 14 8 27 17 108 1721 447 30 211 76 47 58 532 751 193 12 120 199 402 97 1036 2
63824 354 357 305 347 39 313 844 431 48 39 64 346 20 479 1090 378 27 33 16 45 6 35 46 382 16 43 23 849 50 693 307 372 35 36 19 26 1 12 20 38 5 5 5 49 1 24 19 378 21 13 7 43 4 19 38 576 23 17 19 985 73 295 168 418 48 29 42 24 10 30 37 51 2 3 10 21 1 28 85 59 9 6 1 6 0 5 12 43 3 7 4 40 9 64 40 392 29 23 14 22 2 13 43 63 8 3 5 25 6 16 80 1052 49 12 42 61 12 41 182 1478 106 25 89 386 47 180 449 472 310 46 476 55 36 60 1322 45 16 2 23 23 15 21 394 35 23 2 34 6 2 8 109 26 8 1 11 13 38 18 149 50 36 4 21 5 7 2 19 4 2 0 6 2 2 5 11 60 14 2 17 5 2 5 61 24 27 5 23 18 54 18 147 395 738 48 848 21 34 18 341 23 12 1 22 15 29 18 140 31 47 5 63 3 12 6 36 23 34 3 50 22 194 35 304 472 803 23 338 30 55 22 158 25 12 1 15 18 27 27 122 1378 392 10 183 101 36 81 485 430 166 12 150 191 335 123 970 2
71752 201 226 259 256 34 292 993 363 31 16 35 268 18 365 1052 239 20 29 16 18 3 13 36 265 8 29 17 454 22 547 323 239 18 19 7 13 1 9 14 40 0 1 0 31 2 8 11 223 9 8 8 9 3 11 29 360 15 16 9 692 54 212 133 301 18 22 12 21 2 8 40 22 4 1 3 7 3 17 45 32 2 1 4 5 1 2 7 20 2 2 1 23 4 31 22 268 26 5 15 16 2 7 30 29 5 0 0 20 6 6 32 938 33 9 29 31 12 30 302 978 60 13 37 325 28 131 414 427 219 33 351 16 16 30 1114 73 9 3 13 18 18 15 444 42 18 2 16 3 1 2 47 14 10 0 12 6 18 7 136 37 25 0 7 0 1 0 10 2 1 0 1 1 1 1 13 27 22 0 7 3 0 2 35 17 10 1 18 11 43 11 91 270 437 29 734 8 17 16 356 16 6 0 4 5 14 11 127 21 14 2 59 2 5 1 32 8 19 0 35 16 117 18 213 375 559 15 244 17 29 9 123 13 8 2 6 16 11 9 75 1014 300 4 153 51 29 40 437 439 124 11 95 105 249 71 814 2
62361 333 299 370 401 44 354 1240 439 36 22 51 392 21 496 1400 376 20 27 16 50 5 22 44 349 13 40 20 786 37 951 482 329 25 23 25 23 3 15 20 41 1 2 0 36 2 16 15 344 20 18 9 30 1 19 32 564 25 19 13 1196 68 427 222 410 49 25 22 31 3 19 43 46 4 1 4 22 1 27 56 50 4 1 4 4 2 1 6 25 2 2 4 48 5 37 35 394 23 11 17 19 3 8 37 60 8 1 2 22 3 21 43 1154 31 13 26 26 3 24 282 1398 74 7 46 449 43 149 482 435 341 42 500 47 30 72 1443 48 14 0 16 21 10 15 480 37 23 2 19 6 2 3 71 14 5 0 12 21 24 18 157 29 35 1 14 7 2 0 12 0 0 0 0 0 4 2 11 50 14 1 17 4 2 2 46 21 18 0 21 14 35 10 131 399 788 44 1158 20 23 23 467 15 10 0 10 9 18 10 175 17 29 3 63 5 11 2 43 16 19 2 30 28 170 32 295 479 957 15 379 24 37 15 171 17 17 4 4 16 21 17 73 1329 438 18 211 74 40 43 544 440 177 7 116 163 324 102 927 2
59462 405 379 403 390 56 369 1362 548 56 59 65 362 26 537 1584 417 34 40 25 57 6 40 66 425 27 40 35 727 32 851 451 398 25 52 20 29 3 17 37 51 7 2 5 43 4 12 16 378 32 20 20 38 5 23 46 552 43 21 16 924 69 385 169 381 40 36 25 37 2 25 71 61 5 4 3 24 6 27 90 62 10 7 6 3 1 5 10 33 1 2 6 39 12 74 48 372 39 19 17 27 4 16 50 75 6 3 1 28 7 19 62 1377 49 19 63 76 12 47 320 1491 73 24 50 457 52 247 562 572 314 57 520 62 47 60 1303 103 24 6 28 23 22 35 567 53 29 7 49 3 3 5 74 22 19 2 10 23 36 21 148 72 46 3 17 3 5 2 19 8 4 0 0 4 0 2 6 58 40 1 20 7 5 4 63 31 25 1 18 18 42 10 135 328 667 49 883 13 43 38 393 27 21 1 12 21 43 14 196 42 32 5 89 5 7 7 39 21 43 7 49 33 136 47 328 490 876 23 320 33 65 14 165 40 19 0 10 17 51 24 132 1821 456 26 195 88 50 71 502 583 197 25 154 214 359 158 1165 2
79786 166 232 183 146 32 178 676 212 23 24 22 163 11 303 590 135 12 14 8 25 4 15 36 163 12 35 11 309 33 392 195 192 12 39 7 14 3 4 12 31 1 4 1 25 7 11 10 178 9 12 10 19 0 10 30 304 20 9 10 322 28 164 98 122 18 20 11 18 3 20 38 21 3 1 6 22 2 11 30 38 1 3 5 5 2 2 9 21 3 4 1 33 4 35 20 209 22 8 7 11 2 11 19 15 5 0 3 5 0 12 24 688 35 17 35 35 8 24 165 525 36 16 24 191 28 108 274 222 179 34 294 18 12 20 551 32 10 4 6 15 16 6 271 19 11 0 20 3 1 3 33 11 6 1 11 9 19 8 104 24 18 2 15 4 2 1 8 0 1 0 0 1 5 1 8 27 10 2 7 1 2 6 23 11 10 1 8 8 27 5 62 181 337 25 346 9 27 8 185 16 8 1 6 4 15 11 86 22 22 1 34 1 5 2 23 15 29 2 17 18 81 21 194 323 345 15 156 18 32 17 75 9 11 0 4 8 26 10 61 559 190 12 109 32 29 28 310 246 69 7 68 93 162 66 589 2
60126 300 320 334 368 42 367 1234 611 48 52 60 364 26 559 1133 450 23 27 16 56 7 29 57 444 20 38 21 876 47 959 435 399 29 37 13 25 5 21 33 35 4 2 1 30 4 22 20 464 15 21 15 47 2 23 49 597 25 19 17 1073 56 455 189 388 48 31 26 22 2 18 58 37 9 2 8 21 5 29 71 55 7 4 1 7 0 5 15 30 4 4 3 44 6 63 52 422 26 18 12 19 3 17 45 59 5 3 5 19 2 21 52 1506 55 18 49 52 12 41 275 1501 71 26 50 509 44 219 513 546 351 32 482 43 30 61 1284 117 17 6 26 26 18 30 482 50 18 1 30 1 3 2 86 23 12 0 13 17 42 22 166 34 36 5 27 5 6 5 21 1 2 0 2 2 3 2 12 62 15 0 19 7 5 6 55 26 20 1 20 21 54 16 93 424 856 41 1010 18 46 14 403 21 27 0 21 8 40 12 173 33 54 5 46 4 9 2 51 24 37 5 45 53 149 47 329 558 975 22 445 34 48 13 193 25 26 3 13 12 46 12 114 1290 441 32 226 67 47 48 585 535 208 20 127 219 376 121 1068 2
70075 224 261 265 249 32 279 829 515 35 29 74 253 16 465 1048 256 13 10 11 30 2 34 40 269 16 23 7 649 37 550 381 238 15 58 18 15 2 16 23 25 1 4 2 19 4 12 14 281 12 20 5 23 2 12 36 352 20 17 9 477 20 369 169 270 27 18 30 20 3 16 31 28 3 2 2 10 2 22 66 28 3 1 2 3 1 1 4 27 2 2 0 36 10 20 38 257 19 19 12 10 3 5 26 41 3 0 1 9 1 6 49 837 40 28 39 24 14 43 284 916 40 12 47 338 42 172 508 452 254 29 401 26 21 47 953 80 14 4 22 16 25 19 484 33 11 2 23 5 6 3 50 20 8 1 4 21 40 10 151 32 20 5 17 1 2 1 8 5 0 0 0 0 5 3 19 47 9 3 11 5 1 6 46 16 5 1 7 18 22 14 79 282 676 25 570 14 28 15 355 14 27 2 12 6 35 8 151 22 28 1 19 4 13 0 44 20 37 1 19 30 198 20 277 423 565 13 389 22 30 15 159 17 14 2 10 12 24 8 103 953 332 17 161 50 42 38 553 467 146 18 80 149 228 83 957 2
68551 208 265 205 231 58 191 949 510 44 37 47 241 17 426 1334 207 24 35 9 30 12 21 58 223 10 41 13 555 23 712 271 248 26 39 17 32 2 14 22 32 1 0 3 41 3 17 19 220 13 12 9 24 3 9 53 419 21 14 19 793 43 206 153 204 39 23 11 22 6 12 44 48 2 3 7 18 0 22 52 31 4 0 5 1 0 2 6 22 4 5 3 22 5 39 53 203 20 17 8 16 3 12 44 54 3 2 3 17 1 14 41 942 37 23 35 48 11 39 398 1342 52 18 45 248 33 139 633 529 201 35 427 49 23 53 1336 71 24 5 23 26 19 24 403 36 11 1 38 7 2 2 57 16 10 3 12 12 28 8 127 51 44 4 18 3 2 2 18 8 2 13 11 4 2 31 35 40 13 1 19 3 4 2 42 19 11 5 18 13 29 21 90 201 483 37 753 14 22 23 245 16 13 3 6 8 33 12 122 18 30 1 42 0 4 3 34 19 14 1 32 22 140 32 283 453 700 9 200 32 33 15 134 20 11 15 18 8 34 25 99 1377 252 16 136 74 40 41 618 365 133 23 64 108 300 104 896 2
79327 152 164 190 141 18 154 648 217 19 23 26 148 23 259 769 168 10 19 9 12 2 10 25 148 12 12 5 322 18 493 187 147 13 10 5 12 2 6 12 24 2 3 1 21 1 9 8 210 10 7 7 13 1 5 26 290 15 6 11 424 27 146 83 159 17 12 11 11 0 7 31 17 3 2 1 7 2 12 39 27 3 3 2 1 2 0 4 18 2 1 3 20 4 23 21 200 11 4 16 5 0 7 29 19 5 1 1 8 0 10 25 829 31 16 22 41 5 21 188 789 31 14 17 172 19 92 293 228 158 15 256 23 16 34 652 19 6 0 12 9 9 14 239 18 12 1 12 2 2 3 39 8 2 1 9 10 14 9 80 24 21 2 10 2 2 1 7 1 0 2 0 0 2 0 3 20 11 0 12 4 0 3 28 20 12 0 18 5 20 3 58 158 352 28 417 8 26 4 176 11 15 1 10 10 15 12 67 21 27 1 37 0 7 1 23 9 12 3 17 21 68 29 160 316 503 12 167 11 20 9 113 15 7 3 14 9 24 10 80 693 205 8 76 43 26 26 302 265 86 7 48 80 145 56 515 2
63161 295 346 358 258 40 378 998 580 55 47 75 351 27 591 1012 262 39 36 31 44 4 32 65 391 34 63 45 495 44 554 478 364 26 55 16 26 3 24 22 40 3 2 3 42 4 27 28 376 29 21 25 34 0 27 62 603 35 26 31 538 46 297 196 237 33 34 38 31 4 40 65 43 4 7 3 36 4 67 85 58 7 3 8 7 1 7 21 51 5 4 4 43 11 60 53 380 25 17 27 30 5 23 64 76 6 2 4 39 1 33 56 1102 81 24 55 75 14 61 358 1107 91 25 59 464 49 247 562 606 364 43 589 50 34 55 966 94 32 5 41 34 23 28 464 62 45 11 44 8 7 9 74 38 21 5 20 21 36 19 212 55 50 6 24 2 5 2 26 6 0 2 2 4 6 1 20 59 48 1 34 6 3 2 57 35 32 4 19 17 34 16 127 389 591 50 534 33 41 32 445 29 22 4 19 25 37 30 214 25 38 5 43 8 8 7 46 30 39 5 27 38 164 36 355 698 609 23 325 53 68 38 226 38 21 2 12 30 30 25 126 1221 521 16 268 72 73 77 560 519 248 19 100 251 336 133 1188 2
78805 134 208 165 130 13 128 263 128 12 27 39 146 12 262 450 154 9 23 12 9 7 13 22 145 4 52 14 454 23 912 295 236 26 42 8 16 0 8 5 25 3 2 0 38 0 12 6 150 15 17 4 20 3 5 16 274 10 14 8 996 26 352 116 164 22 25 8 18 2 17 18 21 1 1 1 7 3 9 18 20 5 2 0 2 2 1 2 21 1 1 1 24 4 25 17 162 12 12 7 10 0 5 8 21 2 0 0 28 2 3 13 271 24 4 13 13 2 13 119 414 17 8 11 368 20 118 192 128 123 33 265 9 13 29 367 33 15 1 5 11 7 13 235 8 12 1 9 2 1 0 20 12 5 3 1 4 22 4 114 33 53 2 7 0 1 0 5 2 0 1 1 2 1 2 8 27 25 0 2 0 2 0 10 11 9 1 10 8 18 5 49 133 447 36 889 11 17 15 317 8 6 0 7 4 13 7 104 13 20 2 25 4 2 3 16 12 15 2 13 15 79 10 183 275 1062 13 363 11 24 5 119 14 10 2 8 3 14 8 54 423 320 3 111 33 20 22 219 217 143 9 48 112 172 56 517 2
74990 173 298 215 166 27 214 1032 374 23 21 20 199 25 266 637 197 15 21 10 12 1 10 28 225 9 17 13 578 19 373 179 338 18 49 15 11 1 20 21 25 3 2 1 13 1 4 10 254 10 17 5 19 4 43 44 292 20 16 10 424 24 196 82 183 20 15 16 13 1 21 35 38 5 1 0 10 2 11 35 22 2 2 3 5 1 1 10 28 7 0 2 24 9 29 29 239 16 17 46 10 1 5 39 26 1 1 0 19 4 8 21 959 33 13 38 30 8 37 708 728 61 12 51 183 27 95 506 381 184 37 254 31 17 31 750 168 25 6 21 27 46 15 323 20 6 2 14 1 1 1 57 23 8 2 11 13 25 3 85 18 24 1 9 1 1 2 6 5 0 1 1 0 2 1 4 27 11 0 12 1 1 1 51 12 11 0 11 10 11 5 48 186 500 10 307 12 25 10 177 29 9 2 6 9 32 19 102 23 33 2 14 3 11 0 32 47 38 4 16 36 317 29 319 302 440 9 174 20 26 12 77 14 4 0 2 9 22 18 60 646 183 5 93 40 41 25 455 314 96 4 52 95 393 62 687 3
67347 292 426 263 289 38 303 1248 603 47 69 90 298 31 434 912 225 28 23 14 16 8 17 50 260 20 33 20 543 29 583 383 396 22 39 12 26 1 13 39 31 7 3 1 49 4 13 24 334 17 18 10 23 2 23 37 330 23 21 19 665 50 274 175 321 14 30 22 47 0 21 70 41 1 1 5 18 1 22 63 25 2 3 3 3 1 5 12 19 2 3 5 20 4 37 36 350 17 22 20 11 2 31 44 50 3 2 1 19 1 19 41 1018 45 34 40 49 12 51 680 812 37 18 45 324 46 187 648 553 258 57 381 46 36 46 859 128 32 6 22 26 45 25 526 54 24 1 20 4 0 6 56 20 14 3 13 14 34 16 183 76 41 2 9 6 3 1 16 4 3 1 2 1 2 0 12 67 16 3 12 2 1 4 33 28 18 3 19 16 20 12 94 277 513 30 518 22 20 23 344 25 28 0 10 10 28 17 136 24 23 3 26 3 1 5 43 43 35 3 29 23 241 23 421 559 632 13 223 25 31 21 216 25 10 0 8 18 18 18 90 863 316 14 163 46 33 43 650 358 149 15 74 149 416 74 1085 3
74879 345 358 272 382 41 287 791 389 28 37 34 272 25 315 534 377 26 29 11 64 4 28 24 285 20 22 19 732 31 435 226 317 21 43 8 22 1 4 13 43 3 3 3 25 2 14 13 251 20 13 12 16 3 18 24 315 26 13 12 378 37 197 107 346 44 27 19 23 10 20 27 17 4 3 3 10 2 47 40 61 3 6 3 7 0 1 4 28 2 4 2 24 7 27 39 242 30 11 15 21 6 10 33 25 4 1 5 16 5 14 31 811 17 14 26 26 3 29 209 522 36 23 34 220 39 105 237 383 256 37 314 26 24 33 471 53 16 3 14 17 13 14 212 25 17 3 27 5 2 4 38 8 9 1 8 15 31 19 105 36 29 2 12 2 1 3 19 3 1 2 5 2 3 6 15 33 14 3 12 4 1 2 22 14 8 7 32 14 32 19 109 251 753 31 398 10 25 18 231 14 29 1 17 13 18 10 105 17 24 3 25 5 3 2 40 18 19 2 20 17 186 24 241 314 433 13 219 25 38 16 104 13 13 7 20 14 22 22 104 529 275 13 90 26 49 27 258 204 105 17 98 103 208 105 813 3
68973 281 347 356 217 39 304 885 469 33 54 43 308 31 462 972 246 19 30 16 28 3 21 38 316 17 38 22 547 19 584 365 366 34 53 18 23 4 25 45 26 5 3 1 22 4 25 21 301 14 24 17 21 6 21 53 388 26 12 16 532 39 230 183 225 16 25 25 27 2 19 49 36 5 2 1 11 3 22 54 35 0 3 4 6 0 0 15 24 3 9 4 24 4 39 47 261 22 14 20 15 2 19 42 43 5 3 4 17 2 12 37 871 41 28 38 40 5 45 638 744 47 21 33 311 43 170 507 448 306 41 496 37 40 45 1032 88 42 6 22 32 29 29 476 26 22 1 24 1 2 4 48 31 19 5 12 28 22 15 145 45 45 4 19 4 3 2 31 6 2 1 4 2 3 0 7 35 15 2 17 5 4 3 37 29 16 1 10 8 27 12 100 289 645 36 732 21 33 24 352 43 21 2 15 15 21 17 182 27 29 2 24 4 5 5 61 29 27 0 20 21 172 21 369 367 573 9 227 22 40 15 189 28 19 2 13 21 31 13 93 784 315 18 159 53 39 26 492 400 134 15 84 152 314 91 961 3
70078 134 459 256 156 19 246 970 454 43 45 40 239 34 346 739 147 9 24 20 25 9 18 48 217 11 24 22 560 32 469 287 513 23 116 31 21 4 26 37 50 1 8 3 29 3 25 17 229 20 26 14 32 2 29 54 383 20 20 15 539 31 361 195 143 17 22 19 11 3 21 54 40 4 3 6 16 1 22 43 18 4 1 1 2 1 5 20 23 2 6 2 39 16 25 51 235 26 38 32 15 3 11 56 35 3 0 5 18 0 12 38 775 31 29 61 42 18 54 479 624 32 20 23 292 43 146 621 437 188 34 320 34 37 43 785 162 37 8 30 34 49 28 482 38 17 2 19 3 1 1 52 46 12 2 7 28 51 13 173 50 33 9 23 0 1 6 12 2 2 0 3 2 3 1 23 41 18 1 5 5 3 3 31 36 13 3 7 20 30 17 90 187 490 35 517 11 47 17 250 38 27 1 24 14 38 22 189 28 43 2 30 3 15 3 41 61 61 2 35 47 261 25 392 359 615 20 298 17 36 12 170 27 20 2 8 7 32 9 109 633 284 22 168 40 34 31 547 511 186 21 99 195 474 103 1290 3
75002 203 266 242 201 47 251 1219 447 14 24 28 192 30 265 660 178 13 8 9 26 3 18 43 197 9 12 7 530 24 500 250 246 11 12 10 4 1 6 25 25 1 0 1 10 0 9 10 247 9 8 10 8 1 15 54 285 8 5 8 390 22 148 100 176 17 12 19 5 2 13 49 17 2 2 0 9 0 17 22 38 1 1 1 3 0 3 10 23 1 1 1 13 6 13 30 262 12 12 13 15 6 6 58 15 1 0 2 11 0 9 21 1202 42 23 38 47 18 49 683 743 14 11 18 237 17 103 515 423 205 22 276 16 19 17 703 177 15 4 14 20 37 21 318 16 11 0 7 2 0 3 29 17 4 2 9 11 15 9 121 21 8 1 5 1 3 0 13 4 2 0 2 2 0 0 10 18 12 2 5 1 0 4 16 15 3 2 4 3 11 7 50 188 574 11 457 11 29 9 231 22 13 3 8 5 27 7 100 19 10 1 14 0 2 1 34 21 18 1 17 22 218 13 236 269 370 15 144 11 18 7 112 11 5 1 4 1 9 3 27 765 258 17 97 17 28 17 454 322 106 9 53 71 245 42 601 3
80218 67 242 142 76 13 154 768 295 17 17 16 135 17 223 536 72 9 12 8 8 0 8 25 122 7 7 11 306 14 304 247 219 19 33 15 12 0 11 31 18 0 1 0 13 1 9 11 119 7 10 9 11 1 4 28 193 22 9 5 239 16 115 109 87 2 14 10 6 1 8 16 33 2 1 0 8 2 10 19 9 0 1 1 0 0 2 5 10 0 1 2 5 2 16 25 134 5 6 11 9 0 8 25 32 1 0 0 13 0 5 12 859 33 21 27 25 3 24 380 706 31 13 25 217 22 109 398 276 114 26 257 17 10 31 623 106 24 2 15 12 22 11 311 15 11 1 12 2 1 2 31 10 12 0 7 7 12 5 111 13 11 1 11 1 1 0 14 2 0 1 0 0 1 0 6 24 13 1 6 2 2 1 29 10 8 0 1 6 10 5 51 101 305 14 311 7 16 19 252 17 10 1 4 7 16 8 120 15 8 3 13 1 0 0 22 22 13 1 13 15 128 7 230 190 306 7 147 14 13 12 106 9 4 2 5 15 9 0 43 583 222 10 96 19 21 21 369 310 114 4 33 90 226 40 612 3
79939 81 162 141 95 6 161 537 326 32 25 33 150 15 227 529 90 11 14 8 3 0 9 26 135 15 19 17 264 17 254 255 158 13 25 7 22 0 16 20 32 2 2 1 32 2 9 7 130 10 11 11 12 3 13 32 228 22 11 13 407 26 146 128 97 7 12 11 21 0 17 28 29 0 1 0 26 1 8 28 6 3 1 4 1 0 1 7 17 1 1 0 17 2 19 21 118 13 9 13 15 2 12 48 38 0 0 1 24 3 9 24 613 31 23 28 25 6 31 259 620 61 9 29 243 20 138 333 310 157 23 278 29 13 20 665 66 18 1 15 8 16 19 205 24 16 0 23 2 2 3 48 21 11 2 12 11 23 12 119 30 22 1 10 0 0 0 10 1 1 0 0 1 0 2 10 41 15 0 13 4 1 1 37 11 15 0 17 3 17 6 61 135 288 40 382 11 16 21 277 17 12 0 9 10 19 8 108 12 19 3 32 0 5 2 32 13 18 3 15 25 72 10 202 259 317 8 133 19 29 11 139 14 15 2 1 10 14 6 68 629 225 17 153 28 31 23 404 230 119 4 61 102 174 48 573 3
74596 139 407 239 123 13 223 851 348 18 18 16 157 16 287 550 105 3 13 13 11 1 12 22 147 7 21 6 684 27 568 204 324 12 50 14 9 0 20 23 30 1 3 0 29 1 10 8 189 15 18 7 5 3 15 33 262 11 8 6 749 22 179 83 96 10 15 8 7 1 10 24 24 2 1 3 8 1 6 22 12 0 2 1 1 0 3 8 10 2 0 2 13 3 29 26 178 11 14 14 14 0 10 32 28 0 0 4 9 3 7 22 715 25 34 27 37 7 36 493 659 43 10 36 203 32 96 480 364 172 25 331 35 17 32 713 117 15 6 13 13 26 16 321 15 5 0 18 0 1 3 34 25 8 0 8 16 21 9 125 21 22 0 15 3 1 0 11 2 0 0 1 1 0 0 16 18 9 1 6 2 2 1 48 13 7 1 11 7 36 5 59 150 621 22 845 8 27 11 237 25 6 2 8 5 32 8 128 6 21 3 38 1 6 2 31 29 21 0 29 13 465 40 546 253 469 9 199 10 34 10 100 14 6 0 1 4 38 10 54 571 191 8 97 29 22 25 485 316 132 9 56 115 479 50 898 3
78645 87 175 172 94 19 165 887 334 14 23 17 181 12 277 788 102 9 4 14 8 1 21 28 149 14 17 15 283 13 360 231 190 18 20 6 5 1 11 23 23 1 0 0 13 3 5 7 173 12 14 11 15 3 12 34 294 11 13 11 291 19 131 150 113 11 18 13 10 0 7 34 16 2 0 0 8 1 17 22 16 2 1 2 0 0 1 6 14 1 3 2 22 2 23 26 183 14 12 7 11 4 7 40 27 0 3 1 16 0 7 16 888 28 15 31 29 7 38 324 898 30 19 15 252 32 124 387 252 159 18 259 18 16 21 720 70 28 4 7 18 18 14 337 11 9 0 10 0 0 3 17 24 7 0 7 10 13 6 111 29 22 1 10 0 0 1 3 4 1 0 2 3 1 1 3 12 13 1 11 2 2 3 16 9 9 2 6 4 15 1 48 123 305 7 321 8 14 16 192 24 8 1 8 12 24 12 94 15 21 0 27 2 3 1 25 17 18 2 12 19 70 14 188 349 445 8 124 14 19 4 124 13 9 1 6 5 18 5 43 733 226 4 106 25 19 21 313 336 103 6 52 105 185 49 484 3
70577 189 463 294 198 52 382 1546 500 20 23 19 229 26 397 808 141 9 15 6 9 3 12 45 194 8 15 7 638 15 601 368 276 11 52 16 10 3 15 32 15 1 2 2 10 1 9 6 270 7 12 9 15 1 30 65 395 7 9 7 546 12 210 159 128 8 12 12 4 3 7 40 27 0 3 0 10 0 6 23 30 0 1 1 3 0 1 18 12 2 1 2 25 4 6 25 296 19 20 23 2 2 6 57 21 2 0 0 11 2 7 19 1476 43 27 40 38 6 44 667 931 15 8 25 275 20 110 602 456 201 17 462 17 31 20 1048 213 32 8 18 35 44 22 471 15 5 2 7 1 2 0 19 30 8 2 5 6 23 2 126 28 21 1 9 3 0 1 9 4 0 1 1 1 3 1 5 22 5 0 4 1 2 2 19 13 8 1 3 9 8 3 32 238 653 9 572 10 17 6 320 36 18 0 9 3 35 4 147 15 23 0 12 1 4 0 23 39 37 2 7 23 253 10 347 361 484 12 237 9 18 3 136 11 4 0 5 9 18 2 35 707 265 7 111 22 26 17 518 406 138 7 22 120 385 37 691 3
83711 87 122 139 103 19 174 1051 262 22 12 21 92 13 145 620 57 6 6 5 4 0 6 18 85 5 12 11 75 6 102 105 74 7 9 3 5 0 4 8 22 3 1 1 9 1 2 5 86 3 1 5 5 1 5 23 137 6 2 4 106 8 54 57 62 10 8 9 2 2 7 21 24 2 1 0 5 0 6 24 8 0 1 0 0 0 0 1 13 0 0 0 7 0 16 14 77 2 0 11 2 0 9 28 14 3 0 4 9 0 5 18 855 26 11 23 28 7 33 596 575 31 10 31 106 12 61 438 311 95 16 154 19 10 28 579 126 14 1 8 17 18 5 297 19 4 4 7 2 1 2 20 13 3 0 8 9 10 4 60 10 7 3 4 0 0 1 3 2 2 0 1 0 1 0 4 26 11 0 7 3 0 2 21 12 4 1 7 1 5 5 30 90 134 6 110 6 7 13 117 13 9 2 3 8 8 6 54 9 7 0 10 2 0 0 10 18 7 0 5 7 82 3 108 122 136 3 48 4 10 3 55 6 5 0 3 8 4 1 34 465 113 6 62 36 12 26 433 242 58 4 23 55 106 39 482 3
89120 49 42 69 58 7 56 204 102 14 8 17 66 14 113 327 45 13 7 3 8 2 10 23 68 15 10 12 86 6 87 97 26 7 6 4 8 1 4 6 7 2 1 1 10 1 8 6 58 6 4 7 9 1 6 16 105 9 9 6 96 15 73 76 43 8 9 9 7 1 8 18 8 2 1 4 5 1 19 22 14 2 0 5 2 1 0 2 8 2 0 0 12 2 11 17 50 9 1 8 11 3 1 14 15 1 0 2 3 2 8 28 224 14 9 15 19 6 12 54 383 25 12 20 123 18 68 163 89 52 12 102 13 12 19 212 17 4 2 6 5 6 6 144 14 11 1 3 3 0 2 23 5 2 0 5 7 7 9 61 12 6 0 11 2 2 0 15 4 0 0 1 0 1 0 8 15 7 1 5 5 1 1 21 13 8 2 9 6 5 4 53 59 65 3 92 9 8 6 105 6 4 0 9 5 7 8 47 5 9 1 12 1 1 2 15 4 7 1 6 5 8 12 67 96 93 5 65 5 16 5 72 4 5 1 8 10 7 5 61 297 101 8 71 28 10 27 138 145 55 9 39 68 54 46 385 4
81452 143 136 140 127 30 135 276 158 20 25 29 159 17 235 444 112 15 17 15 17 5 20 30 130 24 21 25 187 23 253 209 133 20 7 13 14 3 13 13 35 3 3 3 32 5 11 12 127 13 10 8 26 7 13 28 252 28 12 14 347 37 144 130 121 28 28 30 16 8 12 29 24 7 5 9 20 2 30 46 37 3 3 5 6 2 2 4 18 2 6 2 19 4 34 30 138 24 7 12 16 3 11 25 26 8 1 8 17 4 12 45 298 34 14 20 29 10 22 72 432 54 12 42 192 31 109 199 175 157 24 253 21 20 29 453 22 9 2 16 11 11 14 223 21 11 3 36 6 1 4 40 11 6 2 13 10 11 15 125 31 18 4 14 7 2 2 20 3 2 1 7 1 2 2 26 28 23 2 11 3 1 5 43 14 15 1 33 13 22 19 104 166 202 30 314 19 28 20 228 16 7 2 17 7 23 15 120 23 31 6 41 2 5 3 51 9 19 3 39 14 46 22 137 261 283 17 166 41 41 17 127 23 11 6 13 25 32 27 116 444 226 24 105 42 45 42 203 198 110 14 118 101 162 108 805 4
85146 68 86 99 101 17 105 307 130 20 17 25 66 30 195 368 82 8 8 13 15 4 15 21 96 18 11 16 156 20 183 149 85 14 4 10 14 1 11 7 16 0 4 2 23 3 14 13 106 14 5 7 13 4 13 18 268 22 5 6 280 30 103 83 74 15 12 11 13 5 12 26 8 3 3 2 8 5 16 37 23 1 1 4 8 2 2 3 16 2 0 1 14 4 29 23 125 9 9 11 13 1 7 13 23 6 2 3 13 1 10 27 336 22 10 16 16 6 22 58 428 33 10 22 211 22 93 133 117 98 28 220 10 19 14 448 10 8 3 10 10 7 12 186 15 12 4 21 4 1 9 40 3 6 3 4 6 8 17 100 20 11 0 10 3 5 0 11 2 0 1 0 1 2 1 9 24 13 0 9 5 3 3 30 13 17 3 20 6 16 12 78 106 161 23 243 6 25 4 165 6 8 1 13 4 12 7 87 17 21 2 27 5 2 2 21 11 12 0 27 10 9 17 92 162 174 6 122 20 20 11 88 12 5 0 9 10 20 13 70 383 143 9 79 32 28 24 150 198 81 7 92 76 90 96 472 4
78034 114 166 160 105 27 167 343 218 18 24 34 183 15 360 508 118 13 26 15 20 5 17 28 172 9 27 17 329 25 563 223 179 22 17 8 24 1 11 13 17 3 4 1 34 2 17 10 158 10 15 8 19 3 26 22 403 37 10 22 564 52 185 132 118 23 22 20 10 1 10 31 26 3 4 5 18 3 25 44 21 6 1 7 8 1 5 5 20 2 0 4 27 5 49 30 190 15 14 20 10 1 11 25 32 9 4 4 17 2 20 45 380 36 10 27 24 11 18 98 529 57 20 38 252 38 127 263 201 168 30 429 21 32 32 541 24 10 2 21 9 11 17 196 15 22 3 38 0 3 7 56 6 10 2 18 12 17 17 143 28 37 0 12 4 5 0 13 4 2 0 2 1 4 5 17 24 19 5 15 4 0 4 37 24 13 3 23 19 31 12 112 178 309 25 589 19 30 22 272 9 14 2 15 12 34 21 110 14 36 2 53 4 6 1 38 21 25 7 31 22 64 36 239 347 545 14 198 34 46 13 136 24 16 1 12 17 36 17 121 525 236 15 157 44 49 36 263 228 129 16 124 117 218 119 798 4
83457 67 174 111 81 12 100 282 110 12 13 9 118 15 173 343 99 11 20 11 17 2 15 12 126 9 15 3 433 22 466 126 200 14 23 7 18 1 8 4 21 0 3 2 15 0 7 8 133 7 15 7 14 3 14 11 208 12 12 8 489 39 210 64 80 15 20 27 6 2 13 16 14 1 3 1 12 1 13 11 18 2 1 0 6 0 3 3 16 4 1 3 28 6 24 14 128 15 13 10 5 2 8 20 13 1 1 0 15 3 9 18 294 30 5 24 22 5 13 76 285 23 11 19 153 15 67 165 117 110 23 189 4 9 11 293 21 6 2 1 5 11 6 143 22 9 1 12 2 1 2 14 8 3 0 11 10 23 6 66 25 9 1 9 0 3 0 5 0 1 0 0 0 1 1 10 18 7 0 6 3 1 0 22 9 5 0 8 10 21 5 37 120 492 21 598 7 27 7 126 8 13 1 4 6 22 9 68 9 26 4 38 3 7 2 20 15 31 3 13 23 142 20 188 235 559 8 212 15 22 3 65 4 11 0 5 10 15 9 46 359 158 11 82 20 12 22 153 177 100 8 59 97 224 60 451 4
76643 149 172 203 142 29 173 338 191 15 24 29 183 16 359 508 143 26 21 19 22 6 21 34 190 20 16 22 491 42 614 267 189 23 29 8 21 5 7 17 24 0 1 1 22 3 16 17 167 19 7 16 28 5 19 28 350 34 18 16 577 67 268 140 134 37 19 31 25 1 24 38 29 3 1 6 18 2 35 59 19 5 1 4 7 2 2 9 19 2 4 5 39 11 63 34 163 26 15 20 14 7 9 25 28 3 2 3 16 2 24 47 361 29 10 23 33 8 23 83 541 54 7 35 231 24 143 229 193 195 42 356 19 24 23 453 18 8 4 16 10 16 24 188 14 21 1 39 1 3 6 51 11 13 0 16 16 24 19 130 27 42 1 26 4 5 4 12 1 2 0 3 4 4 3 19 37 27 2 19 5 3 1 28 11 12 3 48 26 39 17 136 182 457 31 632 18 45 20 272 11 19 5 19 12 24 21 140 21 37 3 73 5 13 0 51 6 36 2 40 27 124 47 256 433 583 16 273 43 59 15 143 15 18 3 27 21 50 46 162 492 253 15 139 67 39 34 226 187 141 15 153 128 261 165 924 4
84968 98 110 82 76 19 77 224 130 17 23 15 102 18 189 284 77 11 8 8 12 3 11 18 93 7 6 7 219 18 283 139 109 7 9 6 6 2 7 5 18 2 2 3 10 3 7 12 107 10 7 6 18 1 13 30 202 11 7 14 266 28 151 83 83 11 7 21 6 2 7 19 14 6 1 9 8 1 20 48 20 2 2 2 1 1 1 4 13 1 3 3 18 2 33 30 117 11 9 8 8 2 5 27 22 5 1 5 5 4 15 31 286 26 7 22 17 3 21 75 331 39 12 37 149 25 85 179 148 103 10 201 15 10 13 291 19 8 6 11 8 10 15 117 16 8 3 21 5 4 4 31 11 2 1 7 5 8 12 77 19 16 1 10 2 0 0 7 1 0 0 0 2 1 1 7 22 5 2 15 4 2 2 33 9 11 1 15 15 19 13 76 115 213 5 255 13 10 4 144 6 1 2 8 6 22 5 85 19 15 2 22 4 7 1 20 19 9 1 26 14 59 24 127 218 271 8 138 15 24 10 88 16 11 1 5 11 31 15 90 377 149 12 114 46 31 41 180 172 99 12 89 99 142 77 648 4
83489 75 160 121 108 16 119 250 148 16 17 26 124 15 196 313 76 8 11 10 16 1 16 23 117 12 20 12 291 27 361 183 126 16 20 9 20 2 10 10 13 4 4 0 22 4 19 7 115 8 6 12 20 3 13 12 209 17 8 10 430 41 206 103 82 11 12 18 13 2 12 15 10 2 2 4 12 0 16 37 11 1 5 4 2 1 1 5 9 4 0 2 30 2 35 30 112 17 9 16 13 5 10 19 21 2 2 3 14 3 8 24 240 26 14 26 17 4 18 77 350 25 12 24 160 30 95 189 154 90 15 208 19 12 21 305 14 7 1 15 11 14 15 149 23 16 3 17 4 1 5 42 17 5 3 11 10 18 10 100 12 24 2 6 2 3 0 10 4 0 0 3 1 2 2 11 18 9 0 9 0 3 1 25 16 15 2 17 12 23 9 86 122 254 22 341 9 22 13 174 12 9 4 16 7 15 11 97 22 21 5 34 4 4 6 36 13 18 2 29 15 80 28 214 178 316 8 185 20 35 15 115 11 10 1 12 5 23 9 93 337 175 9 97 22 37 22 200 181 93 14 82 92 205 77 665 4
88773 42 94 65 42 4 70 101 47 2 6 11 75 15 124 133 41 14 7 6 15 2 8 12 62 5 11 8 177 22 260 116 108 10 21 8 8 1 7 5 9 1 1 2 18 0 6 4 46 8 9 0 8 6 7 9 101 7 9 5 294 33 152 45 54 13 12 12 8 2 3 10 4 0 0 1 8 0 12 9 15 1 1 1 1 1 2 2 6 1 2 2 13 5 19 20 65 11 6 6 6 1 3 9 4 1 1 1 9 2 14 16 72 7 4 6 6 2 3 15 118 7 7 8 92 19 36 64 52 76 9 150 8 10 8 145 4 3 0 4 7 7 1 72 4 3 1 12 2 1 1 18 3 2 0 10 7 18 6 53 9 18 1 11 1 4 0 6 1 1 0 0 2 4 0 8 7 10 1 7 1 2 0 10 5 9 1 9 10 21 8 65 77 217 21 335 7 28 12 125 1 6 0 13 3 22 12 68 7 16 0 26 0 7 2 23 10 19 2 22 16 82 11 160 123 253 13 153 19 32 5 55 3 7 1 9 8 33 5 60 108 125 5 55 17 18 5 64 58 50 7 61 55 133 46 472 4
88579 36 83 73 39 11 78 117 66 4 11 14 61 8 98 155 32 5 8 6 11 3 10 13 62 8 14 4 204 19 173 88 120 12 22 6 12 1 11 5 7 0 0 1 9 0 6 10 66 8 8 6 10 3 9 14 131 8 11 9 320 30 140 50 34 11 12 7 4 1 6 7 7 0 1 2 6 1 14 14 4 4 0 0 1 1 3 4 9 0 4 1 18 8 23 10 72 12 8 9 11 1 8 10 2 1 1 0 5 3 5 13 150 10 8 8 12 3 6 50 142 13 3 11 100 14 45 93 78 64 8 108 9 8 2 145 10 6 2 4 2 7 6 94 10 4 0 16 1 2 1 11 6 4 0 9 6 20 6 61 12 13 0 5 2 3 0 9 3 0 0 2 1 0 1 9 3 5 1 5 1 1 1 8 3 8 1 17 7 25 4 48 63 218 12 251 11 17 9 97 8 9 1 4 5 13 7 64 10 22 0 24 0 6 2 14 9 33 0 15 19 94 21 163 115 258 5 159 15 27 5 55 4 6 1 4 8 25 8 49 164 93 4 58 13 15 9 102 90 75 2 47 65 226 57 439 4
88905 40 89 72 37 13 58 152 62 5 9 7 59 4 97 189 37 8 8 12 8 1 10 14 63 5 5 3 172 22 176 75 107 6 18 5 5 3 5 10 2 1 1 2 14 0 7 5 80 8 4 5 12 2 9 8 132 13 5 7 226 27 123 55 33 11 11 7 8 1 5 15 6 0 2 2 9 2 9 17 6 0 1 1 1 0 1 3 10 2 2 2 9 7 17 14 78 7 6 5 6 1 4 7 11 1 0 3 12 2 3 10 170 13 6 11 16 1 11 61 180 18 3 14 97 13 41 82 77 67 8 112 11 6 10 148 12 7 0 4 2 7 5 98 12 5 2 10 2 0 2 14 6 3 0 9 9 14 5 56 9 11 0 5 0 1 0 10 3 1 0 1 2 3 0 9 5 6 0 9 3 0 0 6 4 8 1 7 6 21 4 47 69 161 16 209 5 15 3 88 3 5 0 8 3 17 6 64 7 15 2 23 2 3 0 23 6 14 0 18 16 87 24 151 146 215 5 109 15 30 8 56 3 9 0 6 4 23 10 52 219 95 6 46 16 16 13 87 88 67 5 55 56 191 38 428 4
82984 87 99 122 81 18 127 233 213 24 25 25 116 21 190 384 87 12 19 15 6 6 17 37 118 14 21 17 176 23 288 206 83 19 11 20 18 3 9 12 23 0 1 0 23 4 9 12 116 11 6 9 22 4 11 26 191 22 15 17 261 30 148 123 99 14 15 20 8 3 8 27 32 2 2 3 13 4 35 38 14 3 4 1 9 3 3 8 21 4 5 3 22 4 25 36 96 17 9 10 10 5 9 30 27 5 1 6 18 4 14 38 263 30 18 37 25 8 32 87 363 46 16 42 218 33 116 271 208 107 17 194 25 17 36 397 26 10 2 18 17 16 18 195 21 11 1 25 2 4 3 49 9 10 3 11 10 12 12 122 19 16 2 13 3 3 1 8 0 2 0 6 0 1 2 15 33 16 2 19 3 0 3 37 16 9 0 18 10 25 14 93 108 167 20 241 12 24 16 224 17 11 3 10 12 21 13 107 17 30 6 19 6 4 1 39 9 6 5 19 23 50 17 149 189 234 11 139 20 36 17 118 19 12 4 8 16 17 12 86 414 205 22 111 44 35 41 299 199 103 18 96 117 154 122 733 4
